0 1 5.94750327021047 0 2.80591061662068 1 0 0
0.0847457627118644 1 2.4848077681515 0 0.656784885438292 1 0 0
0.169491525423729 1 0.0348929778374031 0 3.10669967575239 1 0 0
0.254237288135593 1 6.27980603663497 0 3.13821338304518 1 0 0
0.338983050847458 2 3.4989923531397 0.772381056915203 0.357399699549904 0.707106781186547 1.5707963267949 1.40544934502701
0.423728813559322 2 3.70986090983396 0.60533594839732 0.568268256244171 0.707106781186547 1.5707963267949 1.40544934502701
0.508474576271186 3 2.50206576300144 0.68248470020534 0.639526890588355 0.577350269189626 1.5707963267949 1.24010236325913
0.593220338983051 3 3.86121146124146 0.834282397011591 0.719618807651667 0.577350269189626 1.5707963267949 1.24010236325913
0.677966101694915 4 2.81875490643146 0.512508989106652 0.322837747158336 0.5 2.35619449019234 1.86015354488869
0.76271186440678 5 4.59931900901902 0.335351746121579 1.45772635542923 0.447213595499958 2.04203522483337 1.38064729776183
0.847457627118644 7 3.86530055524292 0.513495951224612 0.723707901653131 0.377964473009227 2.35619449019234 1.36411259958504
0.932203389830508 8 3.90648032331902 0.598019114980505 0.764887669729224 0.353553390593274 2.74889357189107 1.59146469951588
1.01694915254237 10 2.09185822065061 0.518485274545964 1.04973443293918 0.316227766016838 2.59181393921158 1.10369110330062
1.10169491525424 12 3.08200124614454 0.586010919592865 0.0595914074452528 0.288675134594813 2.74889357189107 0.930076772444347
1.1864406779661 15 3.17928886149562 0.500609708870669 0.0376962079058258 0.258198889747161 2.74889357189107 0.434035827140696
1.27118644067797 18 3.06276048308057 0.349610750729542 0.0788321705092248 0.235702260395516 2.81434341884086 0.00344472878683101
1.35593220338983 22 2.69803047363284 0.308903832223677 0.443562179956948 0.21320071635561 2.83814336318623 0.220281340842082
1.44067796610169 27 3.0325838302478 0.340128153908844 0.109008823341993 0.192450089729875 2.85797665014071 0.4154826387625
1.52542372881356 33 2.85459827788783 0.287969403006626 0.28699437570196 0.174077655955698 2.95416809186995 0.321274525728715
1.61016949152542 40 2.7755236777257 0.25984863751525 0.366068975864098 0.158113883008419 3.00414797499524 0.158439394042712
1.69491525423729 49 3.16795489773197 0.254268615704219 0.0263622441421765 0.142857142857143 2.98731801435101 0.293458702368986
1.77966101694915 60 3.06900095206634 0.23481943105606 0.0725917015234518 0.129099444873581 3.04341788316511 0.180304356763334
1.86440677966102 73 3.12618867247758 0.205398696857641 0.0154039811122133 0.117041147196131 3.02391741506706 0.131358535747713
1.94915254237288 88 2.89813822694963 0.170718192605364 0.243454426640163 0.106600358177805 3.0657303309889 0.215274946732035
2.03389830508475 108 3.15711561844013 0.179390374276514 0.0155229648503323 0.0962250448649376 3.07068865272752 0.172765235427244
2.11864406779661 131 3.19018029143554 0.165222273074333 0.0485876378457446 0.0873704056661038 3.0822006646115 0.0974518133334721
2.20338983050847 159 3.17167187820381 0.143727615963106 0.030079224614016 0.0793051585718144 3.0883374715198 0.13507946349879
2.28813559322034 194 2.7923174037329 0.129462052647745 0.349275249856897 0.0717958158617738 3.10186729545403 0.096463854193946
2.3728813559322 235 3.02833758451889 0.114200790337906 0.113255069070903 0.0652328073053442 3.09783177187922 0.0815917573228597
2.45762711864407 286 3.20121639940016 0.107419003212989 0.0596237458103634 0.0591312395989083 3.11129921481365 0.0231385266240015
2.54237288135593 348 3.25003424841327 0.0968440925154377 0.108441594823478 0.0536056267418897 3.11493312541413 0.0249551376393522
2.6271186440678 423 3.12832534239771 0.0904767639193763 0.0132673111920818 0.0486216638326315 3.11504717045191 0.0293822783029115
2.71186440677966 515 3.14563198621878 0.0782626707801824 0.00403933262898271 0.0440652649239232 3.12637794705674 0.0324510089167532
2.79661016949153 626 3.11365750487149 0.0736416259005995 0.0279351487183024 0.0399680383488716 3.12498841426278 0.0150653276321807
2.88135593220339 760 3.155494529028 0.0660248556851065 0.0139018754382105 0.0362738125055006 3.13145223322356 0.00543242556204461
2.96610169491525 924 3.10229932023019 0.0599657719929637 0.0392933333596051 0.0328975847479884 3.13099424087349 0.028256373228508
3.05084745762712 1124 3.10502490758291 0.0537612292422354 0.0365677460068876 0.0298274993135947 3.13260712911698 0.0111219307680564
3.13559322033898 1366 3.17805880917376 0.0498661483868842 0.0364661555839656 0.027056689037447 3.13213722296461 0.00945704034498887
3.22033898305085 1660 3.19088879520983 0.0450621150235146 0.049296141620037 0.0245440346836908 3.13577461561357 0.0181979171902783
3.30508474576271 2018 3.17024409609752 0.03987543889708 0.0286514425077313 0.0222607308674095 3.13716250491199 0.0142076962508787
3.38983050847458 2453 3.11036254962904 0.0366728143755118 0.031230103960755 0.0201906930241171 3.13583756790251 0.0065331635559688
3.47457627118644 2982 3.19510508226568 0.0332593934721547 0.0535124286758837 0.0183124385532878 3.13728701335015 0.00591098716957453
3.5593220338983 3625 3.1234069164947 0.0300701826822754 0.0181857370950897 0.016609095970748 3.13794960790623 0.00430131689445539
3.64406779661017 4406 3.1234674911765 0.0274328194484351 0.0181251624132912 0.0150652989335235 3.13863296891485 0.00408470887585228
3.72881355932203 5355 3.16980390665043 0.0248341736409571 0.028211253060634 0.0136653343615131 3.1388138710253 0.00260589648979339
3.8135593220339 6509 3.14858909290436 0.0225209279292759 0.0069964393145634 0.0123948953458473 3.13926505161536 0.00107391357113846
3.89830508474576 7912 3.15604619715239 0.0204316100762577 0.0144535435625994 0.0112423437603322 3.14026728798489 0.00251384374198666
3.98305084745763 9617 3.12013842206369 0.0186370212161188 0.0214542315261008 0.0101971824998282 3.14006620951733 0.00265920342267834
4.06779661016949 11689 3.15112056130784 0.0168695024021613 0.00952790771804946 0.00924935227897778 3.1402316705069 0.00218639116475188
4.15254237288136 14208 3.13856753710416 0.0151583890699804 0.00302511648563719 0.0083894506901753 3.14100186369176 0.00177776230539903
4.23728813559322 17269 3.15293010237442 0.0138137249589641 0.0113374487846265 0.00760968019126648 3.14073515797405 0.00122050937267744
4.32203389830508 20991 3.12331605399935 0.0125282424944535 0.0182765995904388 0.00690213478080649 3.14105533828845 0.000858388761004589
4.40677966101695 25514 3.1263380225788 0.0113861425743928 0.015254631010996 0.00626052457129715 3.14098419278127 0.00107583974147233
4.49152542372881 31011 3.14886113819927 0.0103544899461465 0.00726848460948082 0.00567861093634069 3.14109847270837 0.000781242677176542
4.57627118644068 37693 3.13432906158998 0.00932340320188882 0.00726359199981053 0.0051507402338779 3.141159572005 0.000904096115150121
4.66101694915254 45815 3.1303182603252 0.0084655059163201 0.011274393264594 0.0046719281440552 3.14123977564823 0.000636843799039286
4.74576271186441 55688 3.15372446563469 0.00767635163812066 0.0121318120448932 0.00423759248381668 3.14133761909179 0.000402564821967827
4.83050847457627 67687 3.11960736934045 0.00697146055847089 0.0219852842493431 0.00384368126665995 3.14136806963645 0.000559286200258536
4.91525423728813 82272 3.12748969382991 0.0063381452845337 0.0141029597598812 0.00348637398716405 3.14144571049142 0.000182911888925079
5 100000 3.14787727962983 0.00574409407105537 0.00628462604003222 0.00316227766016838 3.14146059318376 0.000227725369374084
