0 0 0.5 0.420735492403948 0.105183873100987
1 0.841470984807897 1.5 0.875384205816789 0.84994929006012
2 0.909297426825682 2.5 0.525208717442774 1.65474623428785
3 0.141120008059867 3.5 -0.307841243624031 1.77964810677247
4 -0.756802495307928 4.5 -0.857863384985533 1.10982070196612
5 -0.958924274663138 5.5 -0.619169886431032 0.261100246780405
6 -0.279415498198926 6.5 0.188785550259932 0.0137964136381671
7 0.656986598718789 7.5 0.823172422671085 0.595279206230316
8 0.989358246623382 8.5 0.700738365932569 1.47093602669292
9 0.412118485241757 9.5 -0.0659513128238067 1.83569203259099
10 -0.54402111088937 9.9 -0.448407151276258 1.73282033977098
