0 1 0 0 0.5 1 0.5 0.25 0.5 0.125 0.0416666666666667 
1 1 1 1 1.5 1 1.5 2.25 1.5 1.125 1.125 
2 1 2 4 2.5 1 2.5 6.25 2.5 3.125 5.20833333333333 
3 1 3 9 3.5 1 3.5 12.25 3.5 6.125 14.2916666666667 
4 1 4 16 4.5 1 4.5 20.25 4.5 10.125 30.375 
5 1 5 25 5.5 1 5.5 30.25 5.5 15.125 55.4583333333333 
6 1 6 36 6.5 1 6.5 42.25 6.5 21.125 91.5416666666667 
7 1 7 49 7.5 1 7.5 56.25 7.5 28.125 140.625 
8 1 8 64 8.5 1 8.5 72.25 8.5 36.125 204.708333333333 
9 1 9 81 9.5 1 9.5 90.25 9.5 45.125 285.791666666667 
10 1 10 100 9.9 1 9.9 98.01 9.9 49.005 323.433 
