0	-0.97000436	0.24308753	0	0	0.97000436	-0.24308753
0.0200406871843382	-0.960415646700631	0.25168859172955	-0.0186904561225146	-0.01732429854708	0.979106102823145	-0.23436429318247
0.0400652303772128	-0.95033523785641	0.260143327352464	-0.0373920177947326	-0.0346015373068601	0.987727255651142	-0.225541790045604
0.0605660143300454	-0.939484556420212	0.268634848630818	-0.0565924658086031	-0.0522206535224928	0.996077022228815	-0.216414195108325
0.0808470177912674	-0.92820909664733	0.276849935642131	-0.0756673776038951	-0.0695470432692912	1.00387647425123	-0.20730289237284
0.100854087278268	-0.916546594845892	0.284750162979857	-0.0945878213199692	-0.0865034259806041	1.01113441616586	-0.198246736999253
0.121141378049409	-0.904162466022536	0.292528762318132	-0.113901929810872	-0.103523503201825	1.01806439583341	-0.189005259116307
0.141656642961014	-0.891056990716052	0.300128585459341	-0.133588013641675	-0.120519071752304	1.02464500435773	-0.179609513707037
0.161793424276388	-0.877615027459875	0.30729802143798	-0.153083344494964	-0.136952043309724	1.03069837195484	-0.170345978128255
0.182124674325251	-0.863454732464045	0.314212899165258	-0.172959120287823	-0.153254056653048	1.03641385275187	-0.16095884251221
0.202650888756972	-0.848553376188224	0.32082918667159	-0.193238002208373	-0.16937590471661	1.0417913783966	-0.15145328195498
0.222851723009754	-0.833291519607477	0.326946469714198	-0.213417307978199	-0.18487050901996	1.04670882758568	-0.142075960694238
0.243327324225221	-0.817217781201273	0.332709492632073	-0.234105952143737	-0.200156398942462	1.05132373334501	-0.13255309368961
0.263612086987647	-0.800696849762086	0.337944940973709	-0.254841345308822	-0.214839857536681	1.05553819507091	-0.123105083437027
0.283807220656171	-0.783664906015524	0.342648404978498	-0.275724317483977	-0.228960027268096	1.0593892234995	-0.113688377710401
0.304034373501191	-0.766031819999974	0.346809407083946	-0.296877610489984	-0.242560377426577	1.06290943048996	-0.104249029657368
0.324443271078428	-0.747672144843495	0.350407984638268	-0.31845480352493	-0.255688668507635	1.06612694836843	-0.0947193161306323
0.344671974248664	-0.728929784057849	0.353338765208923	-0.340061631050931	-0.268068716807949	1.06899141510878	-0.0852700484009734
0.36491960796625	-0.709649505656337	0.355597617983303	-0.361891480499374	-0.279787951148598	1.07154098615571	-0.0758096668347032
0.385438807202433	-0.689607382508981	0.357158158565245	-0.384198786243565	-0.290936984061519	1.07380616875255	-0.0662211745037246
0.405992353474907	-0.669056778792733	0.357947728977253	-0.406701827066049	-0.301331536425982	1.07575860585878	-0.0566161925512697
0.426128792383796	-0.64849851443343	0.357936333072381	-0.42886985540585	-0.310730111687019	1.07736836983928	-0.047206221385361
0.446475126560458	-0.627339378901444	0.35710524956479	-0.45135441732308	-0.319406692824989	1.07869379622452	-0.0376985567397998
0.466672440214634	-0.605994318432547	0.355439701129003	-0.473718688515655	-0.32717865784679	1.0797130069482	-0.0282610432822121
0.486925373618497	-0.584295897133733	0.352907809562175	-0.49614471010433	-0.334109765347253	1.08044060723806	-0.0187980442149204
0.507432095284574	-0.562074859959975	0.34944932958622	-0.518803696991948	-0.340232467081095	1.08087855695192	-0.00921686250512322
0.527889873943146	-0.539707157414618	0.345092299710287	-0.541309720993646	-0.345433539070937	1.08101687840826	0.000341239360651977
0.548349023888085	-0.517190851006734	0.339826004153194	-0.563666410755924	-0.349725994113222	1.08085726176266	0.009899989960029
0.568841279602603	-0.494542769105737	0.33364339176834	-0.585855579739472	-0.353117827467448	1.08039834884521	0.019474435699109
0.589062682087951	-0.472150152933981	0.326661578062387	-0.607500978048566	-0.355584313136539	1.07965113098255	0.0289227350741542
0.609208601025786	-0.449844444267287	0.318851140518337	-0.628769864314872	-0.357187410263121	1.07861430858216	0.0383362697447848
0.629477846565568	-0.427449436764929	0.310153082485313	-0.649824910200503	-0.357961025188691	1.07727434696543	0.0478079427033789
0.649504799081216	-0.405408260700601	0.300757391482492	-0.670246919610537	-0.357924157240548	1.07565518031114	0.0571667657580574
0.669995498675118	-0.38298200840587	0.290350619261066	-0.690709206407576	-0.357092989744712	1.07369121481345	0.0667423704836466
0.690037920045145	-0.361200217473327	0.279429230467913	-0.710265174817767	-0.355537265766263	1.0714653922911	0.0761080352983515
0.710365167567158	-0.339291037581932	0.267640663717079	-0.729604164258367	-0.35324622117736	1.0688952018403	0.0856055574602825
0.730640860523746	-0.317641809770444	0.255208002366717	-0.748370506717751	-0.350284669356332	1.0660123164882	0.0950766669896159
0.751073216956651	-0.296048580448907	0.242041092252199	-0.766729852811562	-0.346658250232187	1.06277843326047	0.104617157979989
0.771305465243116	-0.274899149056349	0.228415291155747	-0.784345141757421	-0.342473918123097	1.05924429081377	0.114058626967351
0.791491277629362	-0.254035123173245	0.214281422051747	-0.801346635959879	-0.337752056237247	1.05538175913313	0.123470634185502
0.811754711514024	-0.233330683497811	0.199595174337691	-0.817827656210805	-0.332503422684126	1.05115833970862	0.132908248346437
0.832198586717087	-0.212682843536367	0.184316832861834	-0.833854362630485	-0.326732608045391	1.04653720616686	0.142415775183558
0.852359752581794	-0.192551087204508	0.168838999350113	-0.849065429712882	-0.320612982763524	1.04161651691739	0.151773983413412
0.872838823033256	-0.172325943705121	0.152742553033066	-0.863912759863989	-0.313999431321713	1.03623870356911	0.161256878288648
0.893118383835653	-0.152506808936085	0.136472578893559	-0.878019026340638	-0.307091784490812	1.03052583527673	0.170619205597255
0.913201074223586	-0.133068893100137	0.120076326642992	-0.891408731788458	-0.299933146017967	1.0244776248886	0.179856819374977
0.933660603494138	-0.113440426182701	0.103121088559842	-0.904463955651413	-0.292346976970067	1.01790438183412	0.189225888410227
0.953894729722119	-0.0941800879012572	0.0861413022565184	-0.916802910198248	-0.284583237339327	1.01098299809951	0.19844193508281
0.97446334907003	-0.0747326891661105	0.0687035580585	-0.928773030151531	-0.276453532521794	1.00350571931764	0.207749974463295
0.994710902014299	-0.0556936562680003	0.0513999964548594	-0.940003795846889	-0.268242639083394	0.995697452114892	0.216842642628535
1.01518596313059	-0.0365204030943247	0.0337990150628076	-0.950815871453978	-0.259753671071076	0.987336274548306	0.22595465600827
1.03519488750474	-0.017835196054629	0.016533015570426	-0.960865120463466	-0.251298718035142	0.978700316518099	0.234765702464717
1.05528399801314	0.00089985081571792	-0.000833857824574953	-0.9704538109273	-0.242670773909104	0.969553960111586	0.243504631733681
1.07537657982677	0.0196394074210221	-0.0182021277492539	-0.979555341369357	-0.233919340390783	0.959915933948337	0.252121468140038
1.09539560384402	0.0383378447062674	-0.035472026898304	-0.988150531228362	-0.225094300936203	0.949812686522097	0.260566327834508
1.11588708632371	0.0575329785373679	-0.0530787907328947	-0.996473220164512	-0.215966496210426	0.938940241627147	0.269045286943323
1.13615575870959	0.0766008954688072	-0.0703886442301734	-1.00424579894591	-0.206857090277047	0.927644903477101	0.277245734507223
1.15674934116893	0.0960836782784701	-0.0878318604938425	-1.01168840628224	-0.197531416097849	0.915604728003772	0.285363276591693
1.17700996412319	0.115383340428263	-0.104814569653703	-1.01857652763819	-0.188297972511335	0.903193187209931	0.29311254216504
1.19749678488113	0.135054682448608	-0.121768782201271	-1.02511642288916	-0.178911836553461	0.890061740440556	0.300680618754734
1.21760551911813	0.154536422396035	-0.138158864598144	-1.0311317918805	-0.169658474483208	0.876595369484467	0.307817339081354
1.23790962838932	0.174400386125414	-0.154416389569035	-1.03681115454524	-0.160281650719325	0.86241076841983	0.314698040288363
1.25841093590194	0.194670342986831	-0.170493145720089	-1.04215467683643	-0.15078584499603	0.847484333849599	0.321278990716121
1.27859094671978	0.214844863781642	-0.185944086273179	-1.04704114884657	-0.141416817058785	0.832196285064936	0.327360903331966
1.29905043718279	0.235533833592563	-0.20118721509542	-1.05162716711389	-0.131900368159144	0.816093333521328	0.333087583254566
1.31932550344778	0.256275916746906	-0.215830453798073	-1.05581543289508	-0.122456067906327	0.799539516148175	0.338286521704402
1.33951860536894	0.277173257908996	-0.229913267958457	-1.05964265819749	-0.113039714737266	0.782469400288496	0.342952982695725
1.35975302728547	0.298350381029185	-0.243479410116332	-1.06314114803863	-0.103596546567398	0.764790767009443	0.347075956683732
1.38018084840052	0.31996346518125	-0.256576967537756	-1.06633872355114	-0.0940577012121972	0.746375258369893	0.350634668749956
1.40044264677582	0.341620671684876	-0.268930892637262	-1.06918517112705	-0.0845927874010153	0.727564499442178	0.35352368003828
1.42074171603889	0.363520054563894	-0.280629058516148	-1.07171822073041	-0.0751082692870576	0.708198166166514	0.355737327803208
1.44133785431291	0.38592398822805	-0.291763032141651	-1.0739679450657	-0.0654837827653126	0.688043956837654	0.357246814906966
1.46185604532907	0.408399094392775	-0.302079451553294	-1.07589319077589	-0.0558953300172713	0.667494096383119	0.357974781570568
1.48191660621482	0.430491210365336	-0.311383402993472	-1.07747469840638	-0.0465208533571873	0.64698348804105	0.357904256350661
1.50220631046814	0.452917798566183	-0.319976573391739	-1.07877520485478	-0.0370397006829463	0.625857406288604	0.357016274074688
1.52236441103186	0.475240151428736	-0.327674929599655	-1.07977221910008	-0.0276205608640095	0.604532067671342	0.355295490463667
1.54259320901713	0.497637842243185	-0.334539184460364	-1.08047925224041	-0.0181688837882041	0.582841409997227	0.352708068248571
1.56308997215762	0.520280945621345	-0.340599471032122	-1.08089736290835	-0.00859238927051813	0.560616417287005	0.349191860302642
1.58355148567315	0.542782829315447	-0.345741893196868	-1.08101620334554	0.000967437428599471	0.538233374030095	0.344774455768271
1.60400647471901	0.565123298520875	-0.349973938168457	-1.08083711950462	0.0105242389536091	0.515713820983748	0.339449699214851
1.62450835540578	0.587307727593355	-0.353308034179978	-1.08035836028081	0.0201031904935691	0.493050632687464	0.333204843686412
1.64475346471417	0.608960001108171	-0.35571897329229	-1.07959055102053	0.0295625857935443	0.470630549912367	0.326156387498749
1.66493796966327	0.630247506723826	-0.357266822175953	-1.07853150119503	0.038994174448002	0.448283994471207	0.318272647727954
1.68526285563684	0.651334127104203	-0.357983554638914	-1.07716660208548	0.0484918688326961	0.425832474981287	0.30949168580622
1.70536409328746	0.671801727161877	-0.357887657502393	-1.07551921514157	0.057885412333968	0.4037174879797	0.300002245168427
1.72589601104539	0.692270236460406	-0.356994895648854	-1.07352743252218	0.0674802533244864	0.381257196061779	0.28951464232437
1.74643520658603	0.712266788476847	-0.355333718136426	-1.07121801985341	0.0770779669065717	0.358951231376572	0.278255751229858
1.76668977396336	0.731485201056006	-0.352981030646727	-1.06862523249404	0.0865413408422095	0.337140031438042	0.266439689804521
1.78691874074946	0.750156019024364	-0.349962515310885	-1.06571760498206	0.0959903164415365	0.315561585957701	0.253972198869351
1.80732425463409	0.768437531542794	-0.346281704937327	-1.06245627180373	0.105517811045631	0.294018740260948	0.240763893891699
1.82754592283897	0.78598938340353	-0.342045462927781	-1.05889219186129	0.11495369303076	0.272902808457765	0.227091769897024
1.84773407804213	0.802937729549006	-0.337273069757577	-1.05499681853259	0.12436590683999	0.252059088983588	0.21290716291759
1.86801047278081	0.819372965048351	-0.331974563631002	-1.05073723866926	0.133808372906843	0.23136427362092	0.198166190724162
1.88847617922164	0.835359006335639	-0.326154094598228	-1.04607621958842	0.143324489228597	0.21071721325279	0.182829605369635
1.90866570384526	0.85053363439258	-0.319986136568284	-1.04111275431478	0.152693878585676	0.19057911992221	0.167292257982611
1.92917879057863	0.865346119334183	-0.313324289740273	-1.03568798163036	0.16218997095026	0.170341862296181	0.151134318790017
1.94949550190847	0.879418682878688	-0.306369920720356	-1.02992522586512	0.171566278951582	0.150506542986446	0.134803641768778
1.96961667092869	0.892774634722334	-0.299166536140734	-1.02382451618562	0.180817708292206	0.131049881463298	0.118348827848531
1.99011533091707	0.905794049657897	-0.291536913341581	-1.0171949974196	0.19019984782327	0.111400947761714	0.101337065518314
2.01038627624574	0.918095318838672	-0.283732976522326	-1.01021571584605	0.19942684326203	0.0921203970073888	0.0843061332602993
2.03098857249497	0.930024131237283	-0.275565973191678	-1.00267799472606	0.208743006066904	0.0726538634887818	0.066822967124778
2.05126389271781	0.941210834646916	-0.267322587527433	-0.994809479896453	0.217839800998677	0.0535986452495461	0.0494827865287593
2.07176010547062	0.951974727344694	-0.258805681252331	-0.986387535268558	0.226951281093801	0.0344128079238725	0.0318544001585336
2.09178184491	0.961973440497695	-0.250328708917665	-0.977693251206379	0.235756630952644	0.015719810708693	0.0145720779650246
2.11187529975858	0.971508286533588	-0.241684226630729	-0.968490239312532	0.244484308196392	-0.00301804722104763	-0.00280008156565936
2.1319634446458	0.980553398409003	-0.232921924089333	-0.958798188885388	0.253084200462149	-0.0217552095236062	-0.0201622763728118
2.15196955921122	0.989090545773413	-0.224091544832826	-0.948644290579598	0.261506616037218	-0.0404462551938057	-0.037415071204388
2.17243979229034	0.997352797195255	-0.214963543761901	-0.937723614887884	0.269957185220677	-0.0596291823073624	-0.0549936414587731
2.19268060604134	1.00506548457776	-0.20585856552397	-0.926384234202767	0.278124683248423	-0.0786812503749897	-0.0722661177244495
2.21324043681985	1.01244803429887	-0.196541281439883	-0.914302830084658	0.28620445922745	-0.0981452042142025	-0.0896631777875628
2.23346420159534	1.01927865145843	-0.18731900330215	-0.901853723444995	0.293913072381859	-0.117424928013425	-0.106594069079705
2.25391190588187	1.02576267692257	-0.177946103314567	-0.888686609212041	0.301437245864721	-0.137076067710521	-0.12349114255015
2.27398224604513	1.03172594513093	-0.168706660183685	-0.875186619162487	0.308528792476792	-0.156539325968437	-0.139822132293102
2.29424937714265	1.03735581446366	-0.159343856875681	-0.860968420203639	0.315362351663606	-0.176387394260012	-0.15601849478792
2.31471694465402	1.04265275797119	-0.14986121910361	-0.846007187659342	0.321894588203021	-0.196645570311844	-0.172033369099406
2.33486898001065	1.04749680229189	-0.140503272314389	-0.830682661763206	0.327927749442423	-0.216814140528676	-0.187424477128029
2.355307150534	1.05204325214388	-0.130995237762339	-0.814538893534166	0.333604325894829	-0.237504358609703	-0.202609088132485
2.37556989459867	1.05619562643599	-0.121555540413722	-0.797939001343062	0.338752898452606	-0.258256625092924	-0.217197358038879
2.39576143209181	1.05999022317477	-0.112139068061746	-0.780815281028428	0.343368258465259	-0.279174942146336	-0.231229190403508
2.41600737090397	1.06345892300258	-0.102689904004911	-0.763072554162518	0.347438633821305	-0.300386368840058	-0.244748729816389
2.43646315606665	1.06662911627502	-0.0931375599674937	-0.74457831300799	0.35094208714822	-0.322050803267023	-0.257804527180721
2.45677298004758	1.06945078915049	-0.0836499209145138	-0.725670873244796	0.35377303400183	-0.343779915905686	-0.270123113087311
2.4771462081079	1.07196108129162	-0.0741305752415143	-0.706182532291621	0.355923601153188	-0.365778548999991	-0.28179302591167
2.49724533647686	1.07412863755322	-0.0647382586114957	-0.686471970734656	0.357330379740137	-0.387656666818556	-0.292592121128638
2.51771402870203	1.07602541939893	-0.0551729145471142	-0.665937439842045	0.357996325204007	-0.410087979556872	-0.302823410656889
2.53825844054984	1.07761819266542	-0.0455723418578207	-0.644896522533544	0.357852288345825	-0.432721670131862	-0.312279946488
2.55847259111252	1.07888467586545	-0.0361265279664263	-0.623814090909284	0.35688622555405	-0.455070584956151	-0.320759697587619
2.57857873227023	1.07985125933214	-0.0267317029280118	-0.602514281189528	0.355089388631777	-0.477336978142598	-0.32835768570376
2.59877615102951	1.08052998405852	-0.0172947163153604	-0.580832765461658	0.352425273633667	-0.499697218596855	-0.335130557318302
2.61926103041971	1.08092068225194	-0.00772378910255982	-0.558600731495617	0.348829108971411	-0.522319950756317	-0.341105319868847
2.63972755290704	1.08101250803185	0.00183838111636097	-0.536197077247493	0.34432834334083	-0.544815430784346	-0.346166724457186
2.66017815952933	1.08080642677826	0.0113931576753914	-0.513671954126603	0.33892258268668	-0.567134472651646	-0.350315740362066
2.68017967622671	1.08031644918877	0.0207383619176022	-0.491556904160577	0.332761293514966	-0.588759545028181	-0.353499655432564
2.70044973914696	1.07952782820262	0.03020945616077	-0.469108218233053	0.325645672687211	-0.610419609969559	-0.355855128847976
2.72067423538542	1.07844624998782	0.039659774088762	-0.446719511504299	0.317687893419435	-0.631726738483508	-0.357347667508193
2.74105645534065	1.07705600425301	0.0491842979918301	-0.424209885110027	0.308822990258293	-0.65284611914297	-0.358007288250118
2.76123409592119	1.07537984723299	0.0586135655854075	-0.402019070674818	0.299238359344398	-0.673360776558163	-0.3578519249298
2.78179361197046	1.07336135661471	0.068221289238646	-0.379539881196362	0.288676956398603	-0.69382147541834	-0.356898245637244
2.80225704403354	1.0710365582693	0.0777835318507429	-0.357329470541444	0.277403930494496	-0.713707087727849	-0.355187462345233
2.82246125869943	1.06842719821116	0.087223244457266	-0.335586776373756	0.265567426184462	-0.732840421837388	-0.352790670641722
2.8426580885647	1.06550140818079	0.0966569851318643	-0.314057780444433	0.253074264620922	-0.751443627736342	-0.349731249752781
2.86304551359448	1.06221991447259	0.106175693894692	-0.292550000600839	0.239835579057102	-0.769669913871737	-0.346011272951789
2.88326061677069	1.05863384168021	0.115608032762863	-0.271457185364592	0.226129541006932	-0.787176656315609	-0.341737573769789
2.90345139419575	1.05471434084168	0.125020813364343	-0.250627213579916	0.21190784991851	-0.804087127261746	-0.336928663282847
2.92373797391458	1.05042819808447	0.134467144194896	-0.229938542751583	0.19712693455528	-0.820489655332879	-0.331594078750171
2.94422018453983	1.04573788701597	0.143989774641287	-0.209291324895494	0.181747893107355	-0.836446562120458	-0.325737667748637
2.96443082794534	1.04074301933477	0.153367493250904	-0.189148024943965	0.166167225233164	-0.851594994390787	-0.319534718484063
2.98496903250899	1.03528379223667	0.162873317455169	-0.168901458500941	0.149964599257745	-0.866382333735721	-0.312837916712909
3.00531301101017	1.02948446035693	0.172259856178903	-0.149053980117168	0.133589899800707	-0.880430480239753	-0.305849755979604
3.02546227907282	1.02334529493948	0.181521323107418	-0.129583405096819	0.11709272541934	-0.893761889842649	-0.298614048526753
3.04598937120673	1.01667460098243	0.190912879659906	-0.109919410850558	0.10004021351546	-0.906755190131854	-0.290953093175361
3.06628691955784	1.00965301513637	0.200147669541855	-0.0906240976345207	0.0829725748862877	-0.919028917501836	-0.283120244428138
3.0863023688163	1.00230238931085	0.209194361332026	-0.0717191482057879	0.0659779983672615	-0.930583241105044	-0.275172359699283
3.10658994190366	0.994406701787549	0.21829283610823	-0.0526566925351679	0.048621780844377	-0.941750009252368	-0.266914616952602
3.12709535688215	0.985957398830833	0.227403860227633	-0.0334652912661625	0.0309815753059879	-0.952492107564657	-0.258385435533616
3.14712250199148	0.977236904087592	0.236206409234401	-0.0147689242616442	0.0136924572531857	-0.962467979825934	-0.249898866487582
3.16721751833044	0.968008479490256	0.244928770236754	0.00397003833524032	-0.00368150347139067	-0.971978517825482	-0.241247266765358
3.18730326558922	0.958292240195441	0.253520782878615	0.0227059554008423	-0.0210403851254664	-0.980998195596269	-0.232480397753143
3.20792600725979	0.947790612922784	0.262192315308775	0.04197625732905	-0.0388209384854121	-0.98976687025182	-0.223371376823358
3.22838018120337	0.936835213371228	0.270621859564771	0.0611500371578224	-0.0563781444191932	-0.997985250529036	-0.214243715145573
3.24860024296139	0.925464156469237	0.278765078640538	0.0801903844645709	-0.0736227070596518	-1.00565454093379	-0.205142371580882
3.26913515371732	0.913353111890288	0.286817133010065	0.0996405327801083	-0.0909855957072481	-1.01299364467038	-0.195831537302813
3.28933187322802	0.900876989171528	0.29449599334613	0.118905733984739	-0.107878346860308	-1.01978272315625	-0.186617646485817
3.30975101110227	0.887684195193278	0.301988106071448	0.138542244819088	-0.124733537372783	-1.02622644001235	-0.17725456869866
3.32979342256618	0.874159954554327	0.309046717630211	0.157992201994676	-0.141021343618348	-1.03215215654899	-0.168025374011858
3.35003375178246	0.859917459997329	0.315845945211633	0.177828921767908	-0.157173111003808	-1.03774638176522	-0.15867283420782
3.37047695927461	0.8449309915961	0.322342729915664	0.198078808991662	-0.173142943156584	-1.04300980058775	-0.149199786759076
3.39060889929711	0.829579933943015	0.328340422440626	0.218243387415925	-0.188490557157363	-1.04782332135893	-0.139849865283259
3.41103189126821	0.813406393769411	0.333980543714269	0.238934919226139	-0.2036326724622	-1.05234131299554	-0.130347871252065
3.4312860759773	0.796772806735976	0.339092454175483	0.259695070984424	-0.218181056924252	-1.05646787772039	-0.120911397251227
3.4514769721588	0.779609790801273	0.343670587012416	0.280629221252581	-0.232175925291152	-1.06023901205384	-0.11149466172126
3.47173191699527	0.761819968692643	0.34770259732086	0.301866319717756	-0.245661706074555	-1.06368628841039	-0.102040891246301
3.49220887746611	0.743267731061218	0.351165675375977	0.323569053213466	-0.258687293871486	-1.06683678427467	-0.0924783815044873
3.51255477727228	0.724288868036049	0.353954095469532	0.345351757870173	-0.270980379575362	-1.06964062590621	-0.0829737158941656
3.53298361565478	0.704710069823016	0.356058310228067	0.367424453262355	-0.282630019783744	-1.07213452308536	-0.0734282904443184
3.55316305954953	0.684884595181471	0.357413883199412	0.389402514600014	-0.293415477153274	-1.07428710978147	-0.0639984060461344
3.57356830112332	0.664379659654876	0.3580172849695	0.411774662634864	-0.303554565137255	-1.07615432228973	-0.0544627198322402
3.59403873342247	0.643384774015005	0.357813378326352	0.43433414415386	-0.312916628156801	-1.07771891816885	-0.0448967501695471
3.61419959768995	0.622332893059564	0.356790977883683	0.456628224420539	-0.321315100857646	-1.07896111748009	-0.0354758770260331
3.63426922911235	0.601050721360347	0.354939100150329	0.478855191078534	-0.328840949167625	-1.07990591243887	-0.0260981509827001
3.6544448754432	0.579375078398935	0.352219335315253	0.501189229469088	-0.335547966701235	-1.08056430786801	-0.0166713686140134
3.67492204016258	0.557137215035578	0.348565011581933	0.523798046148242	-0.341460947072696	-1.08093526118381	-0.00710406450923326
3.69539136951852	0.534719757053078	0.344003901759407	0.546287821598338	-0.346463316076667	-1.0810075786514	0.00245941431726425
3.7158396629416	0.512189886223502	0.338539162143799	0.568592119945135	-0.350552285908782	-1.08078200616862	0.0120131237649865
3.73585262660096	0.490058281833056	0.332316324093675	0.590214250329302	-0.353680028159475	-1.08027253216234	0.0213637040658032
3.75614849233322	0.467580231568502	0.325132908894982	0.611882822183882	-0.355979802698846	-1.07946305375237	0.0308468938038679
3.77641402116024	0.445148421988547	0.317100245113894	0.633210406578737	-0.357416674847478	-1.07835882856727	0.0403164297335878
3.79685494326319	0.422579418390943	0.308150245707063	0.654363598145634	-0.358018672528315	-1.07694301653656	0.0498684268212563
3.81711083777753	0.400311035684497	0.298468845210824	0.674926693134454	-0.357803134660263	-1.07523772881893	0.0593342894494425
3.8376844506142	0.377827930287517	0.287840464812469	0.69536592457355	-0.356789058456073	-1.07319385486105	0.0689485936436071
3.85807412796671	0.355710919457778	0.276552827403053	0.715142830261846	-0.355029140909792	-1.07085374971961	0.0784763135067426
3.87822926079322	0.334035395851069	0.264695526636764	0.734192475336193	-0.352588496647267	-1.06822787118724	0.0878929700105073
3.89839481181223	0.31255497655117	0.252176404653392	0.7527289764561	-0.349488294362281	-1.06528395300725	0.0973118897088928
3.91876476108219	0.2910816676078	0.238907081182509	0.770900646860052	-0.34572919468452	-1.06198231446783	0.106822113502014
3.93897374870551	0.270011559852722	0.225166894242848	0.78836268605733	-0.341418028605745	-1.05837424591003	0.1162511343629
3.95916749324552	0.249195046278311	0.210907898530231	0.805235550203599	-0.336572556774483	-1.05443059648189	0.125664658244255
3.97946453055836	0.228512312558908	0.1960868320314	0.821605539342997	-0.331201828267794	-1.05011785190189	0.135114996236398
3.99996346204353	0.207864790922252	0.180665142239871	0.83753340193653	-0.325309398283474	-1.04539819285876	0.144644256043606
4.02019538673472	0.187716190918467	0.165040989128533	0.852655662788924	-0.319071380781783	-1.04037185370737	0.154030391653253
4.04019824780379	0.168009601513189	0.149240997724124	0.867023495699135	-0.312527978410618	-1.03503309721231	0.163286980686497
4.06055910779277	0.14815464377161	0.132838978828841	0.881056478818504	-0.305518855730205	-1.02921112259009	0.172679876901368
4.08072574450123	0.128675524609062	0.116315540646337	0.89437262816647	-0.298263108706322	-1.02304815277551	0.181947568059989
4.10127037801052	0.109002302068363	0.0992377944585675	0.907349675779155	-0.290582743324571	-1.0163519778475	0.191344948866007
4.12158429963082	0.0896979705549872	0.0821474622552297	0.919606253739355	-0.282732003361796	-1.00930422429432	0.20058454110657
4.14161416658919	0.0707848201018488	0.0651334435991402	0.931142335420409	-0.27476805860167	-1.00192715552224	0.209634615002534
4.1619138666404	0.0517153009731824	0.0477612037755199	0.942289082160988	-0.26649595448159	-0.99400438313415	0.218734750706073
4.18242834167117	0.0325185219842431	0.0301092111926072	0.953009304599217	-0.257954506831777	-0.985527826583439	0.227845295639173
4.20246074533595	0.0138189728537311	0.012813338435559	0.96296226657289	-0.249458359397917	-0.9767812394266	0.236645020962362
4.22255717567772	-0.00492090613185124	-0.0045623818009252	0.972448441387633	-0.240799665680688	-0.967527535255762	0.245362047481616
4.24264038731251	-0.0236553962527108	-0.0219179186185199	0.981442647676143	-0.232028253520778	-0.957787251423411	0.253946172139301
4.26325656256469	-0.0429218980742536	-0.0396898751926097	0.990184355868452	-0.222917131920496	-0.947262457794177	0.262607007113109
4.28370062431632	-0.0620898372261165	-0.0572337537712693	0.99837557846578	-0.213789752930515	-0.936285741239641	0.271023506701787
4.3039077105948	-0.0811227802911501	-0.0744609802070399	1.00601803001915	-0.204690712484824	-0.924895249727979	0.279151692691867
4.32442710759053	-0.100564261983662	-0.0918027065976663	1.01333028607677	-0.19538390341739	-0.912766024093084	0.287186610015059
4.34460704146525	-0.11982038424888	-0.108671885548208	1.02009371170426	-0.186175215508714	-0.900273327455354	0.294847101056926
4.36500849011045	-0.139447776707207	-0.125501229573414	1.02651254651743	-0.176818209378013	-0.887064769810202	0.30231943895143
4.38503363909491	-0.158889461788334	-0.141762417082282	1.03241508905997	-0.167595333976089	-0.873525627271612	0.309357751058374
4.40525742938112	-0.178719137450799	-0.157886719507995	1.03798731960036	-0.158249109278304	-0.859268182149535	0.316135828786302
4.42568563066808	-0.198963891616793	-0.173828830359537	1.0432300502653	-0.148781949364105	-0.844266158648487	0.322610779723645
4.44580521980243	-0.219126012794935	-0.189149690614707	1.0480247309364	-0.13943693932623	-0.828898718141445	0.32858662994094
4.46621892141328	-0.239818389316705	-0.204265678835598	1.05252515122618	-0.129938620076247	-0.812706761909451	0.334204298911847
4.4864679305666	-0.260583475988693	-0.218789552896081	1.05663577251796	-0.120504069501657	-0.79605229652925	0.339293622397741
4.50665857810905	-0.281527513483976	-0.23276171919774	1.06039240484279	-0.111087088204066	-0.778864891358796	0.343848807401808
4.52691928789562	-0.302780640370287	-0.246226783456761	1.06382643004661	-0.101630365099514	-0.761045789676298	0.347857148556278
4.54740961814909	-0.32450730326599	-0.259233857609415	1.06696473193501	-0.0920614292303333	-0.742457428668998	0.35129528683975
4.56777822775428	-0.346323538965108	-0.271511354926245	1.06975752333482	-0.0825460379130026	-0.723433984369694	0.35405739283925
4.58824207590707	-0.368442671819025	-0.283148669427895	1.07224124705155	-0.0729841873957014	-0.703798575232503	0.356132856823598
4.6084721810085	-0.390483592354101	-0.293925959158056	1.07438452872663	-0.063530601208284	-0.683900936372513	0.357456560366342
4.62883126058378	-0.412811418978016	-0.30400486935129	1.07623288434399	-0.054016487716041	-0.663421465365957	0.358021357067333
4.6492568484735	-0.435325862076801	-0.313309357390738	1.07778023064373	-0.0444714920404972	-0.64245436856691	0.357780849431237
4.66938540349748	-0.457586631784874	-0.321658189878399	1.0790075182111	-0.0350657418877146	-0.621420886426206	0.356723931766115
4.6894329399547	-0.479789661037024	-0.329139902075998	1.07993889823452	-0.0256983664845434	-0.60014923719748	0.354838268560543
4.70959550734781	-0.502107844991576	-0.335806567540155	1.0805847474023	-0.0162777187934798	-0.578476902410704	0.352084286333637
4.73006823410278	-0.524708352405952	-0.341681636506203	1.08094348838523	-0.00671250639696146	-0.556235135979253	0.348394142903166
4.75053883543601	-0.547194024458922	-0.346647563876153	1.08100372179857	0.00285155599018752	-0.533809697339628	0.343796007885967
4.77098597366669	-0.569489451473239	-0.350699659333568	1.08076607862593	0.0124047227738961	-0.511276627152665	0.338294936559673
4.79100628029925	-0.59110999075149	-0.353792858234146	1.08024450874684	0.0217587375395325	-0.489134517995328	0.332034120694614
4.81131839120485	-0.612784061567079	-0.356058328472912	1.07942206774498	0.031249525856191	-0.466638006177874	0.324808802616722
4.83160964510576	-0.634124573195535	-0.357460856563943	1.07830374297336	0.0407310912542577	-0.444179169777806	0.316729765309687
4.85208734180319	-0.655299035416912	-0.358027229588285	1.07687198304324	0.0503002772031195	-0.421572947626304	0.307726952385166
4.87239230037942	-0.675892585852498	-0.357774395467907	1.07514848273671	0.0597890596467621	-0.399255896884187	0.297985335821146
4.89296721369484	-0.696311180773475	-0.356723600567347	1.07308963223626	0.0694039390581614	-0.376778451462758	0.287319661509187
4.91331242369129	-0.716022223509556	-0.354933792768704	1.07074005743556	0.078910813314112	-0.354717833925976	0.276022979454593
4.93343791680116	-0.735021001087847	-0.352466402108263	1.06810395445311	0.0883135116082047	-0.333082953365237	0.264152890500059
4.95358458342381	-0.753516859257791	-0.34934128197617	1.0651488132034	0.0977234438276552	-0.311631953945582	0.251617838148516
4.97394402090886	-0.771655186530852	-0.345558247276459	1.0618347025336	0.107228518284393	-0.290179516002723	0.238329728992067
4.99414940524096	-0.789089887244892	-0.341224138561927	1.0582130166247	0.116655527234538	-0.26912312937978	0.22456861132739
5.01434508075411	-0.805939716173023	-0.336356264887707	1.0542544188692	0.12606950831887	-0.24831470269615	0.210286756568838
5.03464861796551	-0.822289742918091	-0.330963382026505	1.04992521033989	0.135522287903865	-0.227635467421778	0.19544109412264
5.05515786981751	-0.838199758179299	-0.325048870998876	1.04518739216876	0.145055581075001	-0.20698763398944	0.179993289923876
5.07540288944241	-0.853305910350848	-0.318789356927402	1.0401415861172	0.154446830049511	-0.186835675766327	0.164342526877892
5.09542079798857	-0.867658638151207	-0.312225070255986	1.03478207952278	0.163709188298927	-0.167123441371548	0.14851588195706
5.11579836468412	-0.881676503065543	-0.305195214130747	1.02893750216144	0.173108280311486	-0.147260999095874	0.132086933819261
5.13598216295135	-0.894977426101489	-0.297919660491431	1.02275078395023	0.182382014444496	-0.12777335784871	0.115537646046935
5.15654409435655	-0.907938250236272	-0.290220130333275	1.01602920523805	0.191785014452957	-0.108090955001754	0.0984351158803183
5.1768741199964	-0.92017770853177	-0.282351749415797	1.00895538340017	0.201029188159727	-0.0887776748683779	0.0813225612560694
5.19691811745309	-0.931695585252429	-0.274371997247325	1.00155199448177	0.210082412058084	-0.0698564092293168	0.06428958518924
5.21722964057691	-0.942822363270732	-0.266085790092855	0.993602287663659	0.219183964015623	-0.0507799243929009	0.0469018260772308
5.23775286825904	-0.95352078656406	-0.257532333859872	0.985098654929657	0.228293779755541	-0.0315778683655709	0.0292385541043309
5.25779024530579	-0.96345094315495	-0.249026848912056	0.976326169596732	0.237090442678988	-0.0128752264417561	0.0119364062330674
5.27788783530007	-0.972912895560798	-0.240361283702352	0.967047395395831	0.245801909298629	0.00586550016499288	-0.00544062559627745
5.29796830564504	-0.981881810177026	-0.231585522870059	0.957283282770986	0.254377943155285	0.0245985274060664	-0.0227924202852267
5.31857776946065	-0.990596778027482	-0.222472462861603	0.946735540485716	0.263027903279366	0.043861237541792	-0.0405554404177635
5.33901165336522	-0.998761106485701	-0.213345483430195	0.935737708053049	0.271431218328045	0.0630233984326779	-0.0580857348978511
5.35920578275028	-1.00637701317426	-0.2042488144359	0.924327956028669	0.279544270560294	0.0820490571456171	-0.0752954561243952
5.3797097717447	-1.01366274702137	-0.194946050523565	0.912180692004676	0.287561986210779	0.101482055016716	-0.0926159356872156
5.39987310682962	-1.02040085822452	-0.185742537561836	0.899671521303372	0.295204078150871	0.120729336921173	-0.109461540589037
5.42025713269425	-1.02679516320296	-0.176391529794955	0.886447255165772	0.302656639836543	0.140347908037212	-0.12626511004159
5.44026534891181	-1.03267487963627	-0.167174861702044	0.872893216933587	0.309674672868475	0.159781662702709	-0.142499811166433
5.46047299361488	-1.03822546233196	-0.157834803204001	0.858620777226631	0.316431636080899	0.179604685105355	-0.1585968328769
5.48088664001186	-1.04344784504904	-0.148373348151263	0.843603101194339	0.322884796576184	0.199844743854726	-0.174511448424923
5.50099437012009	-1.04822400660546	-0.139033041362273	0.828219127847963	0.328838847427092	0.220004878757529	-0.189805806064821
5.52139932545854	-1.05270716395032	-0.129538159150991	0.812008545241838	0.334434100735645	0.240698618708509	-0.204895941584656
5.54164374431437	-1.0568021285688	-0.120105270157029	0.795332929243519	0.33950085953198	0.261469199325312	-0.219395589374953
5.56183477769802	-1.06054452462588	-0.110687754148735	0.7781207903694	0.344033097450555	0.28242373425651	-0.233345343301822
5.58210195308084	-1.06396554436841	-0.101227755047434	0.760271973606627	0.348017739953926	0.303693570761813	-0.246789984906494
5.60260645126476	-1.06709187890871	-0.091652021043129	0.741646928784061	0.351430866448989	0.325444950124675	-0.259778845405862
5.62299869652654	-1.06987382303856	-0.082125469605721	0.722578177927871	0.35416652852634	0.347295645110713	-0.272041058920622
5.64349869566807	-1.07234755378635	-0.0725466565534036	0.702885173652229	0.356213027028292	0.369462380134144	-0.283666370474891
5.66378094163748	-1.07448168373123	-0.0630686708891658	0.682913986913888	0.357504521731288	0.391567696817367	-0.294435850842126
5.6840885511747	-1.07631087012996	-0.0535786023986014	0.662465668048342	0.358030577274346	0.413845202081647	-0.304451974875748
5.7044703509949	-1.07784123665586	-0.0440540765505627	0.641525654129057	0.35775356176004	0.436315582526831	-0.313699485209481
5.72456748250793	-1.07905381957018	-0.0346630232076341	0.620509973708489	0.356662130491205	0.458543845861716	-0.321999107283575
5.74459371300637	-1.07997194672595	-0.0253056158131402	0.5992483060734	0.354742613161246	0.480723640652583	-0.329436997348109
5.76474394197521	-1.08060537611677	-0.0158907411342624	0.577578759761364	0.351954278409951	0.503026616355433	-0.336063537275693
5.78521296029475	-1.08095200003345	-0.00632726206893724	0.55533256318324	0.348228111066265	0.525619436850241	-0.341900848997332
5.80568503288094	-1.0810002189012	0.00323749610460357	0.532899185720135	0.343592818914496	0.548101033181094	-0.346830315019103
5.82613178654323	-1.08075056008199	0.0127905009236146	0.510362326358725	0.338055133223422	0.570388233723297	-0.35084563414704
5.84616019166996	-1.08021691605697	0.0221483248592951	0.488209126047773	0.331755991035239	0.592007790009233	-0.353904315894539
5.86648934243919	-1.07938149975719	0.0316471065692863	0.465693525861872	0.324488334113432	0.613687973895344	-0.356135440682722
5.88680717896821	-1.07824902227975	0.0411411270536816	0.443206972416642	0.316362386260568	0.635042049863139	-0.357503513314254
5.90732262921124	-1.07680120962145	0.0507279858072167	0.420562724370135	0.307306083109027	0.656238485251346	-0.358034068916247
5.92767780833388	-1.07505932439287	0.0602402559058393	0.398196025098294	0.297503392798905	0.676863299294607	-0.357743648704748
5.94824946690533	-1.07298597375009	0.0698536106647521	0.37572946416895	0.286802757889254	0.697256509581174	-0.35665636855401
5.96855148641716	-1.07062688827076	0.0793402659265613	0.353724035404854	0.275496511066977	0.716902852865939	-0.354836776993543
5.98864833023351	-1.06798049797732	0.0887294995806769	0.332128912017595	0.263613149310886	0.735851585959762	-0.352342648891567
6.00877694160681	-1.06501404937496	0.0981308634872107	0.310706630157493	0.251061692776906	0.754307419217504	-0.349192556264121
6.02912660059909	-1.06168735995239	0.107631163996422	0.289274474237781	0.237754322103414	0.772412885714639	-0.345385486099841
6.04932903935192	-1.05805192960532	0.117056501207853	0.268231306047091	0.223971801541389	0.789820623558258	-0.341028302749247
6.06952725269901	-1.05407823541486	0.126471255835524	0.247430522760533	0.209666616381285	0.806647712654362	-0.336137872216814
6.08983785928245	-1.04973239316842	0.135926775520085	0.226754386207203	0.194795887750437	0.822978006961254	-0.330722663270527
6.11035796978871	-1.04497622405282	0.145464385193949	0.206105876728438	0.179321503080046	0.838870347324416	-0.324785888274
6.13061657926765	-1.03991074338638	0.154861008256646	0.185950236523349	0.163643685880661	0.853960506863061	-0.318504694137313
6.15064998589287	-1.03453026595251	0.164129373041751	0.166232071843379	0.147789972120429	0.86829819410916	-0.311919345162185
6.17104467276442	-1.02866284927275	0.173534878210113	0.146361892244733	0.131333706276472	0.882300957028048	-0.304868584486591
6.19124599001443	-1.02245214155978	0.182814842565241	0.126865519445055	0.114758228851935	0.89558662211476	-0.297573071417182
6.21182552217764	-1.01570491292876	0.192223619621376	0.107173769075786	0.0976306248471062	0.908531143853004	-0.289854244468488
6.23217188329471	-1.00860478623454	0.201472494542513	0.0878514248681259	0.0804956268469542	0.920753361366445	-0.281968121389473
6.25223016819918	-1.00117485799715	0.210528948770922	0.0689219815525907	0.0634435461822447	0.932252876444589	-0.273972494953172
6.27255359935071	-0.993198016072004	0.219631959564477	0.0498385204209624	0.0460401933058545	0.943359495651074	-0.265672152870337
6.29308559202373	-0.984667132391344	0.228741051129236	0.0306312285010388	0.0283656414871807	0.954035903890339	-0.257106692616423
6.3131278897958	-0.975868609335124	0.237534623625607	0.0119255792219214	0.0110572842367364	0.963943030113235	-0.248591907862349
