----------------------------------------------------------------------------------------------------
A Jacobi diagonalization with cyclic sweeps
----------------------------------------------------------------------------------------------------
Randomly generated 8 x 8 symmetric matrix A:

         6          9          6          1          7          2          2          9 
         9          5          0          3          2          9          7          1 
         6          0          0          6          3          1          7          9 
         1          3          6          5          3          2          6          5 
         7          2          3          3          3          5          6          4 
         2          9          1          2          5          5          5          2 
         2          7          7          6          6          5          4          5 
         9          1          9          5          4          2          5          3 
----------------------------------------------------------------------------------------------------
D is a diagonal matrix with the eigenvalues:

     -11.9   -2.8e-09   1.19e-10   2.05e-13  -2.64e-15     -5e-10   1.09e-08  -3.44e-10 
  -2.8e-09      -8.24   6.84e-09   2.63e-12   -1.8e-15   4.94e-22          0   6.04e-09 
  1.19e-10   6.84e-09      -2.38  -2.36e-15   1.06e-22  -1.59e-08   2.08e-08  -2.46e-10 
  2.04e-13   2.63e-12  -2.36e-15      -2.06  -8.96e-09   3.64e-10   3.74e-11  -4.37e-13 
 -2.32e-15  -2.08e-15  -4.17e-16  -8.96e-09      0.946  -1.12e-11  -4.87e-13   5.68e-15 
    -5e-10  -6.88e-16  -1.59e-08   3.64e-10  -1.12e-11       7.18   1.78e-14   -6.1e-08 
  1.09e-08    4.7e-16   2.08e-08   3.74e-11  -4.88e-13    1.7e-14       11.4  -1.57e-16 
 -3.44e-10   6.04e-09  -2.46e-10  -4.36e-13   7.09e-15   -6.1e-08   6.96e-16       36.1 
----------------------------------------------------------------------------------------------------
V is the orthogonal matrix of the eigenvectors:

     0.518     -0.185    -0.0366      0.209       0.16      0.672    -0.0304      0.418 
    -0.525     0.0878     -0.203      0.104      0.465     0.0768      0.559       0.36 
    -0.349     -0.705    -0.0216     -0.317     0.0496      -0.06     -0.409      0.326 
     0.137     0.0144      0.308      0.583      0.318      -0.54     -0.253      0.299 
    -0.304     0.0391    -0.0766      0.443     -0.767     0.0824     0.0116       0.33 
     0.225     -0.152      0.591     -0.333     -0.231     -0.188      0.535      0.302 
      0.37      0.157      -0.65     -0.271     -0.103     -0.416     0.0232      0.398 
    -0.185      0.641       0.29     -0.355     0.0474      0.181      -0.41      0.376 
----------------------------------------------------------------------------------------------------
VDV^{T} is equal to the initial matrix A

         6          9          6          1          7          2          2          9 
         9          5          0          3          2          9          7          1 
         6  -8.88e-16   8.88e-15          6          3          1          7          9 
         1          3          6          5          3          2          6          5 
         7          2          3          3          3          5          6          4 
         2          9          1          2          5          5          5          2 
         2          7          7          6          6          5          4          5 
         9          1          9          5          4          2          5          3 
----------------------------------------------------------------------------------------------------
V^{T}AV is equal to the matrix D

     -11.9   -2.8e-09   1.19e-10   2.03e-13  -3.62e-15     -5e-10   1.09e-08  -3.44e-10 
  -2.8e-09      -8.24   6.84e-09   2.63e-12  -2.78e-16      2e-15  -8.88e-16   6.04e-09 
  1.19e-10   6.84e-09      -2.38  -3.66e-15  -5.48e-16  -1.59e-08   2.08e-08  -2.46e-10 
  2.03e-13   2.63e-12  -3.28e-15      -2.06  -8.96e-09   3.64e-10   3.74e-11  -4.33e-13 
 -3.43e-15   -1.1e-15   -2.9e-16  -8.96e-09      0.946  -1.12e-11  -4.87e-13   4.13e-16 
    -5e-10   6.66e-16  -1.59e-08   3.64e-10  -1.12e-11       7.18   1.28e-14   -6.1e-08 
  1.09e-08          0   2.08e-08   3.74e-11  -4.88e-13    1.3e-14       11.4     -2e-15 
 -3.44e-10   6.04e-09  -2.46e-10  -4.33e-13  -8.88e-16   -6.1e-08  -4.44e-15       36.1 
----------------------------------------------------------------------------------------------------
V^{T}V is the identity matrix

         1   2.08e-16   6.94e-18  -1.39e-17   2.01e-16   3.47e-16   9.71e-17  -9.71e-17 
  2.08e-16          1  -8.33e-17   1.67e-16  -2.05e-16  -6.94e-17   1.11e-16   8.33e-17 
  6.94e-18  -8.33e-17          1   1.25e-16  -9.02e-17  -4.16e-17  -4.16e-17   4.16e-17 
 -1.39e-17   1.67e-16   1.25e-16          1  -4.13e-16   5.55e-17   1.39e-16  -8.33e-17 
  2.01e-16  -2.05e-16  -9.02e-17  -4.13e-16          1  -2.95e-17   2.19e-16  -2.08e-16 
  3.47e-16  -6.94e-17  -4.16e-17   5.55e-17  -2.95e-17          1     -5e-16   2.78e-17 
  9.71e-17   1.11e-16  -4.16e-17   1.39e-16   2.19e-16     -5e-16          1  -8.33e-17 
 -9.71e-17   8.33e-17   4.16e-17  -8.33e-17  -2.08e-16   2.78e-17  -8.33e-17          1 
----------------------------------------------------------------------------------------------------
VV^{T} is also the identity matrix

         1  -1.94e-16   1.11e-16  -2.78e-17   2.78e-17  -2.78e-17   1.39e-16   2.78e-16 
 -1.94e-16          1  -1.39e-17   2.78e-17  -9.71e-17   3.89e-16   3.61e-16   -2.5e-16 
  1.11e-16  -1.39e-17          1   4.16e-17   6.94e-17   -1.8e-16  -8.33e-17   3.05e-16 
 -2.78e-17   2.78e-17   4.16e-17          1   6.94e-17   3.61e-16  -5.55e-17    1.8e-16 
  2.78e-17  -9.71e-17   6.94e-17   6.94e-17          1   8.33e-17   1.11e-16   2.91e-16 
 -2.78e-17   3.89e-16   -1.8e-16   3.61e-16   8.33e-17          1          0  -8.33e-17 
  1.39e-16   3.61e-16  -8.33e-17  -5.55e-17   1.11e-16          0          1   1.94e-16 
  2.78e-16   -2.5e-16   3.05e-16    1.8e-16   2.91e-16  -8.33e-17   1.94e-16          1 
----------------------------------------------------------------------------------------------------
