-1	0.368454018890323
-0.998	0.367895825783356
-0.996	0.367311214427445
-0.994	0.366699916830378
-0.992	0.36606166419827
-0.99	0.365396186991961
-0.988	0.364703214984861
-0.986	0.363982477322255
-0.984	0.363233702582061
-0.982	0.362456618837044
-0.98	0.361650953718485
-0.978	0.360816434481293
-0.976	0.359952788070582
-0.974	0.359059741189682
-0.972	0.358137020369594
-0.97	0.357184352039893
-0.968	0.356201462601052
-0.966	0.355188078498195
-0.964	0.35414392629628
-0.962	0.35306873275668
-0.96	0.351962224915177
-0.958	0.350824130161351
-0.956	0.349654176319347
-0.954	0.348452091730028
-0.952	0.347217605334478
-0.95	0.345950446758866
-0.948	0.344650346400642
-0.946	0.343317035516059
-0.944	0.341950246309005
-0.942	0.340549712021126
-0.94	0.339115167023227
-0.938	0.337646346907936
-0.936	0.336142988583609
-0.934	0.334604830369455
-0.932	0.33303161209187
-0.93	0.331423075181953
-0.928	0.329778962774182
-0.926	0.328099019806235
-0.924	0.326382993119922
-0.922	0.324630631563218
-0.92	0.322841686093358
-0.918	0.321015909880979
-0.916	0.319153058415283
-0.914	0.317252889610182
-0.912	0.315315163911412
-0.91	0.313339644404583
-0.908	0.311326096924122
-0.906	0.309274290163106
-0.904	0.307183995783925
-0.902	0.305054988529761
-0.9	0.302887046336849
-0.898	0.300679950447477
-0.896	0.2984334855237
-0.894	0.296147439761728
-0.892	0.293821605006959
-0.89	0.291455776869607
-0.888	0.289049754840904
-0.886	0.286603342409825
-0.884	0.284116347180306
-0.882	0.281588580988908
-0.88	0.279019860022898
-0.878	0.276410004938685
-0.876	0.273758840980602
-0.874	0.271066198099958
-0.872	0.268331911074337
-0.87	0.265555819627098
-0.868	0.262737768547029
-0.866	0.259877607808107
-0.864	0.256975192689324
-0.862	0.254030383894538
-0.86	0.251043047672284
-0.858	0.248013055935517
-0.856	0.244940286381235
-0.854	0.241824622609923
-0.852	0.238665954244783
-0.85	0.235464177050695
-0.848	0.232219193052857
-0.846	0.228930910655056
-0.844	0.225599244757526
-0.842	0.222224116874333
-0.84	0.218805455250232
-0.838	0.215343194976965
-0.836	0.211837278108924
-0.834	0.208287653778141
-0.832	0.204694278308545
-0.83	0.201057115329447
-0.828	0.197376135888176
-0.826	0.193651318561833
-0.824	0.189882649568106
-0.822	0.186070122875084
-0.82	0.18221374031002
-0.818	0.178313511666995
-0.816	0.174369454813423
-0.814	0.170381595795338
-0.812	0.166349968941425
-0.81	0.162274616965717
-0.808	0.158155591068934
-0.806	0.153992951038373
-0.804	0.149786765346333
-0.802	0.145537111246988
-0.8	0.14124407487168
-0.798	0.136907751322555
-0.796	0.132528244764514
-0.794	0.128105668515394
-0.792	0.123640145134359
-0.79	0.119131806508422
-0.788	0.11458079393706
-0.786	0.10998725821486
-0.784	0.105351359712155
-0.782	0.100673268453585
-0.78	0.0959531641945408
-0.778	0.0911912364954409
-0.776	0.0863876847937802
-0.774	0.0815427184739125
-0.772	0.0766565569345094
-0.77	0.0717294296536515
-0.768	0.0667615762514987
-0.766	0.0617532465504964
-0.764	0.0567047006330668
-0.762	0.0516162088967409
-0.76	0.0464880521066839
-0.758	0.0413205214455697
-0.756	0.0361139185607596
-0.754	0.0308685556087411
-0.752	0.0255847552967854
-0.75	0.020262850921779
-0.748	0.0149031864061904
-0.746	0.00950611633113135
-0.744	0.00407200596647048
-0.742	-0.00139876870203592
-0.74	-0.00690582094863448
-0.738	-0.012448753286525
-0.736	-0.018027157449903
-0.734	-0.0236406143791348
-0.732	-0.0292886942090888
-0.73	-0.034970956260666
-0.728	-0.040686949035556
-0.726	-0.0464362102142465
-0.724	-0.0522182666573214
-0.722	-0.0580326344100689
-0.72	-0.0638788187104329
-0.718	-0.0697563140003256
-0.716	-0.0756646039403335
-0.714	-0.0816031614278327
-0.712	-0.0875714486185406
-0.71	-0.0935689169515213
-0.708	-0.0995950071776635
-0.706	-0.105649149391652
-0.704	-0.111730763067444
-0.702	-0.117839257097271
-0.7	-0.123974029834172
-0.698	-0.130134469138083
-0.696	-0.136319952425476
-0.694	-0.142529846722575
-0.692	-0.14876350872214
-0.69	-0.15502028484384
-0.688	-0.161299511298213
-0.686	-0.167600514154208
-0.684	-0.173922609410336
-0.682	-0.180265103069396
-0.68	-0.186627291216804
-0.678	-0.193008460102509
-0.676	-0.199407886226495
-0.674	-0.205824836427856
-0.672	-0.212258567977451
-0.67	-0.218708328674115
-0.668	-0.225173356944426
-0.666	-0.231652881946017
-0.664	-0.238146123674399
-0.662	-0.244652293073315
-0.66	-0.251170592148575
-0.658	-0.257700214085374
-0.656	-0.264240343369061
-0.654	-0.270790155909353
-0.652	-0.277348819167944
-0.65	-0.283915492289521
-0.648	-0.290489326236123
-0.646	-0.297069463924849
-0.644	-0.303655040368853
-0.642	-0.310245182821627
-0.64	-0.316839010924518
-0.638	-0.323435636857445
-0.636	-0.330034165492801
-0.634	-0.336633694552477
-0.632	-0.343233314767985
-0.63	-0.349832110043638
-0.628	-0.356429157622742
-0.626	-0.363023528256758
-0.624	-0.369614286377391
-0.622	-0.376200490271562
-0.62	-0.382781192259209
-0.618	-0.389355438873874
-0.616	-0.395922271046026
-0.614	-0.402480724289064
-0.612	-0.409029828887952
-0.61	-0.415568610090429
-0.608	-0.422096088300743
-0.606	-0.428611279275842
-0.604	-0.435113194323978
-0.602	-0.441600840505649
-0.6	-0.448073220836842
-0.598	-0.454529334494483
-0.596	-0.460968177024061
-0.594	-0.467388740549346
-0.592	-0.473790013984138
-0.59	-0.480170983245991
-0.588	-0.486530631471825
-0.586	-0.492867939235377
-0.584	-0.499181884766419
-0.582	-0.505471444171656
-0.58	-0.511735591657255
-0.578	-0.517973299752924
-0.576	-0.524183539537462
-0.574	-0.530365280865719
-0.572	-0.536517492596877
-0.57	-0.542639142823995
-0.568	-0.548729199104723
-0.566	-0.554786628693124
-0.564	-0.56081039877252
-0.562	-0.566799476689275
-0.56	-0.572752830187467
-0.558	-0.578669427644325
-0.556	-0.584548238306395
-0.554	-0.590388232526331
-0.552	-0.59618838200023
-0.55	-0.601947660005446
-0.548	-0.607665041638787
-0.546	-0.613339504055021
-0.544	-0.61897002670561
-0.542	-0.624555591577583
-0.54	-0.630095183432477
-0.538	-0.635587790045257
-0.536	-0.64103240244313
-0.534	-0.646428015144184
-0.532	-0.651773626395747
-0.53	-0.657068238412416
-0.528	-0.662310857613635
-0.526	-0.66750049486078
-0.524	-0.672636165693638
-0.522	-0.677716890566208
-0.52	-0.682741695081757
-0.518	-0.687709610227027
-0.516	-0.692619672605523
-0.514	-0.69747092466981
-0.512	-0.702262414952716
-0.51	-0.706993198297391
-0.508	-0.711662336086118
-0.506	-0.716268896467802
-0.504	-0.72081195458408
-0.502	-0.72529059279394
-0.5	-0.729703900896801
-0.498	-0.734050976353963
-0.496	-0.738330924508358
-0.494	-0.742542858802522
-0.492	-0.746685900994716
-0.49	-0.750759181373128
-0.488	-0.754761838968075
-0.486	-0.758693021762141
-0.484	-0.762551886898175
-0.482	-0.766337600885081
-0.48	-0.770049339801341
-0.478	-0.773686289496182
-0.476	-0.777247645788345
-0.474	-0.780732614662371
-0.472	-0.784140412462358
-0.47	-0.787470266083103
-0.468	-0.790721413158597
-0.466	-0.79389310224778
-0.464	-0.796984593017522
-0.462	-0.799995156422763
-0.46	-0.802924074883748
-0.458	-0.805770642460318
-0.456	-0.808534165023186
-0.454	-0.811213960422154
-0.452	-0.813809358651222
-0.45	-0.816319702010537
-0.448	-0.818744345265123
-0.446	-0.821082655800368
-0.444	-0.823334013774197
-0.442	-0.825497812265909
-0.44	-0.827573457421623
-0.438	-0.829560368596291
-0.436	-0.831457978492251
-0.434	-0.833265733294267
-0.432	-0.834983092801037
-0.43	-0.836609530553112
-0.428	-0.838144533957221
-0.426	-0.839587604406947
-0.424	-0.840938257399736
-0.422	-0.842196022650212
-0.42	-0.843360444199762
-0.418	-0.844431080522386
-0.416	-0.845407504626762
-0.414	-0.846289304154529
-0.412	-0.847076081474758
-0.41	-0.847767453774595
-0.408	-0.848363053146053
-0.406	-0.848862526668954
-0.404	-0.84926553649
-0.402	-0.849571759897947
-0.4	-0.849780889394908
-0.398	-0.849892632763745
-0.396	-0.849906713131555
-0.394	-0.849822869029254
-0.392	-0.849640854447245
-0.39	-0.849360438887174
-0.388	-0.848981407409776
-0.386	-0.848503560678812
-0.384	-0.847926715001101
-0.382	-0.84725070236265
-0.38	-0.8464753704609
-0.378	-0.845600582733081
-0.376	-0.844626218380701
-0.374	-0.843552172390174
-0.372	-0.842378355549598
-0.37	-0.841104694461712
-0.368	-0.839731131553027
-0.366	-0.838257625079171
-0.364	-0.836684149126455
-0.362	-0.835010693609683
-0.36	-0.833237264266235
-0.358	-0.831363882646438
-0.356	-0.829390586100256
-0.354	-0.827317427760329
-0.352	-0.825144476521382
-0.35	-0.822871817016033
-0.348	-0.820499549587047
-0.346	-0.818027790256043
-0.344	-0.815456670688711
-0.342	-0.812786338156552
-0.34	-0.810016955495203
-0.338	-0.807148701059358
-0.336	-0.804181768674334
-0.334	-0.801116367584332
-0.332	-0.79795272239741
-0.33	-0.794691073027233
-0.328	-0.791331674631624
-0.326	-0.787874797547976
-0.324	-0.784320727225546
-0.322	-0.780669764154709
-0.32	-0.776922223793182
-0.318	-0.773078436489297
-0.316	-0.769138747402343
-0.314	-0.765103516420054
-0.312	-0.760973118073261
-0.31	-0.756747941447785
-0.308	-0.752428390093607
-0.306	-0.748014881931368
-0.304	-0.743507849156253
-0.302	-0.738907738139317
-0.3	-0.734215009326286
-0.298	-0.729430137133915
-0.296	-0.724553609843931
-0.294	-0.719585929494631
-0.292	-0.714527611770184
-0.29	-0.709379185887689
-0.288	-0.704141194482052
-0.286	-0.698814193488731
-0.284	-0.693398752024404
-0.282	-0.687895452265623
-0.28	-0.682304889325505
-0.278	-0.676627671128509
-0.276	-0.670864418283375
-0.274	-0.665015763954259
-0.272	-0.659082353730132
-0.27	-0.653064845492504
-0.268	-0.646963909281512
-0.266	-0.640780227160446
-0.264	-0.634514493078761
-0.262	-0.628167412733627
-0.26	-0.621739703430079
-0.258	-0.61523209393982
-0.256	-0.608645324358736
-0.254	-0.601980145963162
-0.252	-0.595237321064978
-0.25	-0.588417622865571
-0.248	-0.581521835308717
-0.246	-0.574550752932452
-0.244	-0.56750518071996
-0.242	-0.560385933949557
-0.24	-0.5531938380438
-0.238	-0.545929728417789
-0.236	-0.538594450326701
-0.234	-0.53118885871261
-0.232	-0.52371381805065
-0.23	-0.516170202194556
-0.228	-0.50855889422164
-0.226	-0.500880786277249
-0.224	-0.49313677941875
-0.222	-0.485327783459087
-0.22	-0.477454716809958
-0.218	-0.469518506324654
-0.216	-0.461520087140607
-0.214	-0.453460402521684
-0.212	-0.445340403700276
-0.21	-0.437161049719216
-0.208	-0.428923307273578
-0.206	-0.420628150552377
-0.204	-0.412276561080232
-0.202	-0.403869527559009
-0.2	-0.395408045709491
-0.198	-0.386893118113117
-0.196	-0.378325754053806
-0.194	-0.369706969359919
-0.192	-0.361037786246378
-0.19	-0.352319233156985
-0.188	-0.343552344606963
-0.186	-0.334738161025759
-0.184	-0.325877728600119
-0.182	-0.316972099117487
-0.18	-0.308022329809746
-0.178	-0.299029483197307
-0.176	-0.289994626933612
-0.174	-0.280918833650032
-0.172	-0.271803180801214
-0.17	-0.26264875051088
-0.168	-0.253456629418114
-0.166	-0.244227908524141
-0.164	-0.234963683039634
-0.162	-0.225665052232545
-0.16	-0.216333119276506
-0.158	-0.206968991099788
-0.156	-0.197573778234846
-0.154	-0.188148594668468
-0.152	-0.178694557692535
-0.15	-0.169212787755398
-0.148	-0.159704408313895
-0.146	-0.150170545686017
-0.144	-0.140612328904217
-0.142	-0.131030889569394
-0.14	-0.121427361705538
-0.138	-0.111802881615056
-0.136	-0.102158587734779
-0.134	-0.0924956204926533
-0.132	-0.0828151221651288
-0.13	-0.0731182367352346
-0.128	-0.0634061097513551
-0.126	-0.0536798881867022
-0.124	-0.0439407202994864
-0.122	-0.0341897554937858
-0.12	-0.0244281441811142
-0.118	-0.0146570376426826
-0.116	-0.00487758789235759
-0.114	0.00490905245969103
-0.112	0.0147017303426547
-0.11	0.0244992923600669
-0.108	0.034300584924106
-0.106	0.0441044543892257
-0.104	0.0539097471851155
-0.102	0.0637153099490047
-0.1	0.0735199896573087
-0.098	0.0833226337566341
-0.096	0.0931220902941403
-0.094	0.102917208047277
-0.092	0.112706836652898
-0.09	0.122489826735762
-0.088	0.13226503003644
-0.086	0.14203129953862
-0.084	0.151787489595842
-0.082	0.161532456057652
-0.08	0.171265056395206
-0.078	0.180984149826319
-0.076	0.190688597439985
-0.074	0.200377262320359
-0.072	0.210049009670244
-0.07	0.21970270693406
-0.0679999999999999	0.229337223920334
-0.0659999999999999	0.238951432923712
-0.0639999999999999	0.248544208846502
-0.0620000000000001	0.258114429319771
-0.0600000000000001	0.267660974823999
-0.0580000000000001	0.277182728809304
-0.056	0.286678577815257
-0.054	0.29614741159029
-0.052	0.305588123210717
-0.05	0.314999609199371
-0.048	0.324380769643885
-0.046	0.333730508314607
-0.044	0.343047732782181
-0.042	0.352331354534787
-0.04	0.361580289095078
-0.038	0.370793456136788
-0.036	0.379969779601055
-0.034	0.389108187812451
-0.032	0.398207613594739
-0.03	0.407266994386355
-0.028	0.416285272355637
-0.026	0.425261394515807
-0.024	0.434194312839702
-0.022	0.44308298437429
-0.02	0.451926371354942
-0.018	0.460723441319506
-0.016	0.469473167222154
-0.014	0.478174527547043
-0.012	0.486826506421759
-0.01	0.495428093730591
-0.00800000000000001	0.503978285227597
-0.00600000000000001	0.512476082649504
-0.004	0.520920493828418
-0.002	0.529310532804366
0	0.537645219937662
0.002	0.545923582021097
0.004	0.554144652391971
0.00600000000000001	0.562307471043949
0.00800000000000001	0.570411084738746
0.01	0.578454547117651
0.012	0.586436918812873
0.014	0.594357267558724
0.016	0.602214668302617
0.018	0.610008203315895
0.02	0.617736962304474
0.022	0.625400042519304
0.024	0.632996548866631
0.026	0.640525594018073
0.028	0.647986298520484
0.03	0.655377790905606
0.032	0.662699207799505
0.034	0.669949694031784
0.036	0.677128402744543
0.038	0.684234495501106
0.04	0.691267142394478
0.042	0.698225522155542
0.044	0.705108822260959
0.046	0.711916239040785
0.048	0.718646977785764
0.05	0.725300252854311
0.052	0.73187528777914
0.054	0.738371315373544
0.056	0.744787577837301
0.0580000000000001	0.751123326862184
0.0600000000000001	0.757377823737073
0.0620000000000001	0.763550339452621
0.0640000000000001	0.769640154805497
0.0660000000000001	0.775646560502138
0.0680000000000001	0.781568857262032
0.0700000000000001	0.787406355920477
0.0720000000000001	0.793158377530817
0.0740000000000001	0.798824253466121
0.0760000000000001	0.804403325520283
0.0780000000000001	0.809894946008522
0.0800000000000001	0.815298477867256
0.0820000000000001	0.820613294753325
0.0840000000000001	0.82583878114253
0.0860000000000001	0.830974332427482
0.0880000000000001	0.836019355014709
0.0900000000000001	0.84097326642101
0.0920000000000001	0.845835495369028
0.0940000000000001	0.850605481882001
0.0960000000000001	0.855282677377679
0.0980000000000001	0.859866544761363
0.1	0.864356558518051
0.102	0.868752204803641
0.104	0.873052981535188
0.106	0.877258398480153
0.108	0.881367977344639
0.11	0.885381251860571
0.112	0.889297767871778
0.114	0.893117083418975
0.116	0.896838768823573
0.118	0.900462406770318
0.12	0.903987592388713
0.122	0.907413933333173
0.124	0.91074104986192
0.126	0.91396857491454
0.128	0.917096154188202
0.13	0.92012344621248
0.132	0.92305012242277
0.134	0.925875867232236
0.136	0.928600378102289
0.138	0.931223365611522
0.14	0.93374455352311
0.142	0.936163678850602
0.144	0.938480491922104
0.146	0.940694756442791
0.148	0.942806249555731
0.15	0.944814761900988
0.152	0.946720097672954
0.154	0.948522074675894
0.156	0.95022052437766
0.158	0.951815291961548
0.16	0.953306236376252
0.162	0.954693230383903
0.164	0.955976160606133
0.166	0.95715492756816
0.168	0.958229445740842
0.17	0.959199643580672
0.172	0.960065463567693
0.174	0.960826862241285
0.176	0.96148381023381
0.178	0.962036292302071
0.18	0.962484307356568
0.182	0.962827868488502
0.184	0.963067002994531
0.186	0.963201752399208
0.188	0.963232172475109
0.19	0.963158333260602
0.192	0.962980319075243
0.194	0.962698228532759
0.196	0.962312174551608
0.198	0.961822284363082
0.2	0.961228699516922
0.202	0.960531575884442
0.204	0.959731083659118
0.206	0.958827407354627
0.208	0.957820745800323
0.21	0.95671131213411
0.212	0.955499333792715
0.214	0.954185052499319
0.216	0.952768724248545
0.218	0.95125061928878
0.22	0.949631022101798
0.222	0.947910231379703
0.224	0.946088559999136
0.226	0.944166334992765
0.228	0.94214389751802
0.23	0.940021602823079
0.232	0.937799820210081
0.234	0.93547893299555
0.236	0.933059338468049
0.238	0.930541447843011
0.24	0.92792568621478
0.242	0.925212492505824
0.244	0.922402319413137
0.246	0.919495633351803
0.248	0.916492914395738
0.25	0.913394656215595
0.252	0.910201366013825
0.254	0.90691356445691
0.256	0.903531785604743
0.258	0.900056576837186
0.26	0.896488498777777
0.262	0.892828125214608
0.264	0.889076043018372
0.266	0.885232852057582
0.268	0.88129916511097
0.27	0.877275607777075
0.272	0.873162818381019
0.274	0.868961447878484
0.276	0.864672159756914
0.278	0.860295629933923
0.28	0.855832546652947
0.282	0.851283610376145
0.284	0.846649533674553
0.286	0.841931041115524
0.288	0.837128869147453
0.29	0.832243765981815
0.292	0.827276491472528
0.294	0.822227816992664
0.296	0.817098525308526
0.298	0.811889410451108
0.3	0.806601277584973
0.302	0.801234942874553
0.304	0.795791233347915
0.306	0.790270986757999
0.308	0.78467505144137
0.31	0.779004286174501
0.312	0.773259560027621
0.314	0.767441752216147
0.316	0.761551751949746
0.318	0.755590458279042
0.32	0.749558779940008
0.322	0.74345763519607
0.324	0.737287951677971
0.326	0.731050666221402
0.328	0.724746724702467
0.33	0.718377081870991
0.332	0.711942701181728
0.334	0.705444554623495
0.336	0.698883622546269
0.338	0.692260893486302
0.34	0.685577363989276
0.342	0.678834038431546
0.344	0.672031928839518
0.346	0.665172054707196
0.348	0.658255442811947
0.35	0.651283127028525
0.352	0.644256148141402
0.354	0.637175553655444
0.356	0.630042397604985
0.358	0.622857740361351
0.36	0.61562264843886
0.362	0.608338194299372
0.364	0.60100545615542
0.366	0.593625517771976
0.368	0.586199468266906
0.37	0.578728401910156
0.372	0.571213417921723
0.374	0.563655620268473
0.376	0.556056117459837
0.378	0.54841602234245
0.38	0.540736451893792
0.382	0.533018527014864
0.384	0.525263372321974
0.386	0.517472115937672
0.388	0.509645889280895
0.39	0.501785826856372
0.392	0.493893066043353
0.394	0.485968746883704
0.396	0.478014011869432
0.398	0.470030005729699
0.4	0.46201787521737
0.402	0.453978768895155
0.404	0.445913836921415
0.406	0.437824230835661
0.408	0.429711103343835
0.41	0.421575608103396
0.412	0.413418899508302
0.414	0.405242132473914
0.416	0.397046462221904
0.418	0.388833044065209
0.42	0.380603033193087
0.422	0.372357584456348
0.424	0.364097852152803
0.426	0.355824989812981
0.428	0.347540149986202
0.43	0.339244484027024
0.432	0.330939141882148
0.434	0.32262527187783
0.436	0.31430402050785
0.438	0.305976532222105
0.44	0.297643949215874
0.442	0.289307411219816
0.444	0.28096805529075
0.446	0.272627015603284
0.448	0.264285423242336
0.45	0.255944405996609
0.452	0.247605088153071
0.454	0.239268590292499
0.456	0.230936029086135
0.458	0.222608517093509
0.46	0.214287162561488
0.462	0.205973069224597
0.464	0.197667336106661
0.466	0.189371057323834
0.468	0.181085321889051
0.47	0.172811213517962
0.472	0.164549810436399
0.474	0.156302185189416
0.476	0.148069404451971
0.478	0.139852528841273
0.48	0.131652612730864
0.482	0.123470704066476
0.484	0.115307844183699
0.486	0.10716506762753
0.488	0.0990434019738243
0.49	0.0909438676527106
0.492	0.0828674777740065
0.494	0.0748152379546796
0.496	0.0667881461484
0.498	0.0587871924772209
0.5	0.0508133590654347
0.502	0.0428676198756421
0.504	0.034950940547073
0.506	0.0270642782362033
0.508	0.0192085814597001
0.51	0.0113847899397384
0.512	0.00359383445172173
0.514	-0.00416336332555348
0.516	-0.0118858909572587
0.518	-0.0195728453973796
0.52	-0.0272233331310202
0.522	-0.0348364703141271
0.524	-0.0424113829106055
0.526	-0.0499472068267946
0.528	-0.0574430880432713
0.53	-0.0648981827439568
0.532	-0.0723116574424922
0.534	-0.0796826891058624
0.536	-0.0870104652752358
0.538	-0.0942941841839987
0.54	-0.101533054872957
0.542	-0.108726297302686
0.544	-0.115873142462996
0.546	-0.122972832479506
0.548	-0.130024620717295
0.55	-0.13702777188161
0.552	-0.143981562115621
0.554	-0.150885279095195
0.556	-0.15773822212068
0.558	-0.164539702205681
0.56	-0.171289042162805
0.562	-0.177985576686381
0.564	-0.184628652432115
0.566	-0.191217628093697
0.568	-0.197751874476319
0.57	-0.204230774567127
0.572	-0.210653723602565
0.574	-0.21702012913263
0.576	-0.223329411082015
0.578	-0.229581001808142
0.58	-0.235774346156072
0.582	-0.241908901510299
0.584	-0.247984137843415
0.586	-0.253999537761653
0.588	-0.259954596547297
0.59	-0.265848822197966
0.592	-0.271681735462776
0.594	-0.277452869875368
0.596	-0.283161771783821
0.598	-0.288808000377444
0.6	-0.29439112771046
0.602	-0.29991073872257
0.604	-0.305366431256434
0.606	-0.310757816072042
0.608	-0.316084516858012
0.61	-0.321346170239805
0.612	-0.326542425784886
0.614	-0.33167294600482
0.616	-0.336737406354336
0.618	-0.341735495227358
0.62	-0.346666913950027
0.622	-0.351531376770723
0.624	-0.356328610847101
0.626	-0.361058356230166
0.628	-0.3657203658454
0.63	-0.370314405470951
0.632	-0.374840253712925
0.634	-0.379297701977771
0.636	-0.383686554441815
0.638	-0.388006628017931
0.64	-0.39225775231939
0.642	-0.396439769620916
0.644	-0.400552534816954
0.646	-0.404595915377186
0.648	-0.408569791299327
0.65	-0.412474055059211
0.652	-0.416308611558208
0.654	-0.420073378067994
0.656	-0.423768284172701
0.658	-0.427393271708483
0.66	-0.430948294700517
0.662	-0.434433319297481
0.664	-0.437848323703531
0.666	-0.441193298107817
0.668	-0.444468244611557
0.67	-0.447673177152726
0.672	-0.450808121428362
0.674	-0.45387311481455
0.676	-0.456868206284104
0.678	-0.459793456321992
0.68	-0.462648936838525
0.682	-0.465434731080366
0.684	-0.468150933539375
0.686	-0.47079764985935
0.688	-0.473374996740675
0.69	-0.475883101842942
0.692	-0.47832210368556
0.694	-0.480692151546409
0.696	-0.482993405358563
0.698	-0.485226035605141
0.7	-0.487390223212299
0.702	-0.489486159440436
0.704	-0.491514045773627
0.706	-0.493474093807338
0.708	-0.495366525134466
0.71	-0.497191571229734
0.712	-0.498949473332501
0.714	-0.500640482328008
0.716	-0.502264858627123
0.718	-0.503822872044618
0.72	-0.50531480167601
0.722	-0.506740935773038
0.724	-0.508101571617792
0.726	-0.509397015395545
0.728	-0.510627582066346
0.73	-0.511793595235394
0.732	-0.512895387022258
0.734	-0.513933297928973
0.736	-0.514907676707062
0.738	-0.515818880223533
0.74	-0.516667273325878
0.742	-0.517453228706146
0.744	-0.518177126764099
0.746	-0.518839355469533
0.748	-0.519440310223777
0.75	-0.519980393720429
0.752	-0.520460015805375
0.754	-0.520879593336131
0.756	-0.52123955004054
0.758	-0.521540316374901
0.76	-0.521782329381529
0.762	-0.521966032545834
0.764	-0.522091875652925
0.766	-0.522160314643814
0.768	-0.522171811471232
0.77	-0.522126833955133
0.772	-0.522025855637897
0.774	-0.521869355639302
0.776	-0.521657818511286
0.778	-0.521391734092556
0.78	-0.521071597363076
0.782	-0.520697908298481
0.784	-0.520271171724457
0.786	-0.519791897171131
0.788	-0.519260598727502
0.79	-0.518677794895964
0.792	-0.51804400844696
0.794	-0.517359766273797
0.796	-0.516625599247676
0.798	-0.51584204207296
0.8	-0.515009633142737
0.802	-0.514128914394694
0.804	-0.513200431167365
0.806	-0.512224732056767
0.808	-0.511202368773476
0.81	-0.510133896000179
0.812	-0.509019871249725
0.814	-0.507860854723729
0.816	-0.506657409171751
0.818	-0.505410099751088
0.82	-0.504119493887218
0.822	-0.502786161134924
0.824	-0.501410673040134
0.826	-0.499993603002509
0.828	-0.498535526138813
0.83	-0.497037019147091
0.832	-0.495498660171702
0.834	-0.493921028669211
0.836	-0.492304705275197
0.838	-0.490650271671994
0.84	-0.488958310457391
0.842	-0.487229405014325
0.844	-0.485464139381602
0.846	-0.483663098125654
0.848	-0.481826866213376
0.85	-0.479956028886065
0.852	-0.478051171534485
0.854	-0.476112879575075
0.856	-0.474141738327348
0.858	-0.472138332892477
0.86	-0.470103248033108
0.862	-0.468037068054422
0.864	-0.465940376686461
0.866	-0.463813756967743
0.868	-0.461657791130192
0.87	-0.459473060485392
0.872	-0.457260145312198
0.874	-0.455019624745708
0.876	-0.452752076667634
0.878	-0.450458077598062
0.88	-0.448138202588655
0.882	-0.445793025117276
0.884	-0.443423116984076
0.886	-0.441029048209055
0.888	-0.438611386931096
0.89	-0.436170699308513
0.892	-0.4337075494211
0.894	-0.431222499173707
0.896	-0.428716108201362
0.898	-0.426188933775932
0.9	-0.423641530714346
0.902	-0.421074451288397
0.904	-0.41848824513611
0.906	-0.41588345917471
0.908	-0.413260637515185
0.91	-0.410620321378455
0.912	-0.407963049013149
0.914	-0.405289355615009
0.916	-0.402599773247916
0.918	-0.399894830766548
0.92	-0.397175053740672
0.922	-0.394440964381084
0.924	-0.391693081467181
0.926	-0.388931920276195
0.928	-0.386157992514065
0.93	-0.383371806247969
0.932	-0.380573865840506
0.934	-0.377764671885533
0.936	-0.37494472114566
0.938	-0.372114506491397
0.94	-0.369274516841956
0.942	-0.366425237107705
0.944	-0.363567148134277
0.946	-0.360700726648326
0.948	-0.357826445204924
0.95	-0.35494477213661
0.952	-0.352056171504076
0.954	-0.349161103048478
0.956	-0.346260022145392
0.958	-0.343353379760385
0.96	-0.340441622406207
0.962	-0.337525192101597
0.964	-0.334604526331695
0.966	-0.331680058010052
0.968	-0.328752215442234
0.97	-0.325821422291005
0.972	-0.322888097543089
0.974	-0.319952655477499
0.976	-0.317015505635417
0.978	-0.314077052791629
0.98	-0.31113769692749
0.982	-0.308197833205422
0.984	-0.305257851944925
0.986	-0.30231813860009
0.988	-0.299379073738609
0.99	-0.29644103302227
0.992	-0.293504387188907
0.994	-0.290569502035824
0.996	-0.287636738404648
0.998	-0.284706452167621
