-1	0.0688032754856778	0.06900925148731
-0.998	0.0690021887611749	0.069213841159354
-0.996	0.0691953323062506	0.0694121390782088
-0.994	0.0693826213011164	0.0696040701953224
-0.992	0.0695639711512399	0.0697895597650083
-0.99	0.0697392975049667	0.0699685333577471
-0.988	0.0699085162712691	0.070140916873529
-0.986	0.0700715436373258	0.0703066365552348
-0.984	0.0702282960865972	0.0704656190020523
-0.982	0.0703786904163906	0.0706177911829277
-0.98	0.070522643756064	0.0707630804500488
-0.978	0.070660073584591	0.0709014145523571
-0.976	0.0707908977489922	0.0710327216490889
-0.974	0.0709150344819136	0.0711569303233408
-0.972	0.0710324024199878	0.0712739695956592
-0.97	0.0711429206217815	0.0713837689376505
-0.968	0.071246508585844	0.0714862582856099
-0.966	0.0713430862689108	0.0715813680541673
-0.964	0.071432574103909	0.0716690291499473
-0.962	0.0715148930181755	0.0717491729852409
-0.96	0.0715899644515474	0.071821731491687
-0.958	0.0716577103744953	0.0718866371339618
-0.956	0.071718053306185	0.0719438229234724
-0.954	0.0717709163326816	0.0719932224320537
-0.952	0.0718162231250261	0.0720347698056653
-0.95	0.071853897957169	0.0720683997780864
-0.948	0.0718838657242031	0.0720940476846062
-0.946	0.0719060519602692	0.0721116494757076
-0.944	0.0719203828566179	0.0721211417307411
-0.942	0.0719267852794871	0.0721224616715878
-0.94	0.0719251867880502	0.072115547176307
-0.938	0.0719155156522504	0.0721003367927679
-0.936	0.0718977008706077	0.0720767697522627
-0.934	0.0718716721880952	0.0720447859830965
-0.932	0.071837360113534	0.0720043261241544
-0.93	0.0717946959375411	0.0719553315384416
-0.928	0.0717436117499233	0.0718977443265938
-0.926	0.0716840404571855	0.0718315073403566
-0.924	0.0716159157998817	0.0717565641960303
-0.922	0.0715391723701231	0.0716728592878782
-0.92	0.0714537456284887	0.0715803378014949
-0.918	0.0713595719215903	0.0714789457271336
-0.916	0.0712565884986986	0.0713686298729881
-0.914	0.0711447335289677	0.0712493378784283
-0.912	0.0710239461181601	0.0711210182271854
-0.91	0.0708941663254734	0.070983620260486
-0.908	0.0707553351800101	0.0708370941901298
-0.906	0.0706073946973902	0.0706813911115116
-0.904	0.0704502878960938	0.0705164630165813
-0.902	0.0702839588137465	0.0703422628067431
-0.9	0.0701083525232065	0.0701587443056881
-0.898	0.0699234151485371	0.0699658622721596
-0.896	0.0697290938808521	0.0697635724126478
-0.894	0.0695253369941184	0.0695518313940111
-0.892	0.0693120938605603	0.0693305968560222
-0.89	0.069089314966206	0.0690998274238347
-0.888	0.0688569519260369	0.0688594827203703
-0.886	0.0686149574991362	0.0686095233786205
-0.884	0.0683632856035814	0.0683499110538634
-0.882	0.0681018913312812	0.068080608435791
-0.88	0.0678307309624273	0.0678015792605452
-0.878	0.0675497619800751	0.0675127883226591
-0.876	0.0672589430842692	0.0672142014869025
-0.874	0.0669582342061119	0.0669057857000265
-0.872	0.0666475965216478	0.066587509002408
-0.87	0.0663269924656191	0.0662291573515928
-0.868	0.0659963857447963	0.0658916636922753
-0.866	0.0656557413514776	0.0655442119314932
-0.864	0.0653050255763503	0.0651867746619524
-0.862	0.0649442060215648	0.0648193256265621
-0.86	0.0645732516132824	0.0644418397294056
-0.858	0.0641921326143091	0.0640542930465909
-0.856	0.0638008206361604	0.063656662836978
-0.854	0.0633992886512544	0.0632489275527809
-0.852	0.0629875110046925	0.0628310668500433
-0.85	0.0625654634258268	0.0624030615989817
-0.848	0.0621331230396862	0.0619648938941975
-0.846	0.0616904683780746	0.0615165470647524
-0.844	0.0612374793905843	0.0610580056841075
-0.842	0.0607741374550699	0.0605892555799198
-0.84	0.0603004253884194	0.0601102838436981
-0.838	0.059816327456403	0.0596210788403119
-0.836	0.0593218293839328	0.0591216302173533
-0.834	0.0588169183645988	0.058611928914349
-0.832	0.0583015830702323	0.0580919671718182
-0.83	0.0577758136601005	0.057561738540177
-0.828	0.0572396017898313	0.0570212378884848
-0.826	0.0566929406202661	0.0564704614130297
-0.824	0.0561358248257307	0.0559094066457542
-0.822	0.055568250602434	0.0553380724625137
-0.82	0.0549902156762698	0.0547564590911694
-0.818	0.0544017193105191	0.0541645681195121
-0.816	0.0538027623132962	0.0535624025030144
-0.814	0.0531933470447399	0.0529499665724079
-0.812	0.0525734774238202	0.0523272660410865
-0.81	0.051943158934904	0.05169430801233
-0.808	0.0513023986342205	0.0510511009863472
-0.806	0.0506512051559014	0.050406133472796
-0.804	0.0499895887175938	0.0497427063323101
-0.802	0.0493175611262302	0.0490690568339386
-0.8	0.0486351357832007	0.0483851991944184
-0.798	0.0479423276890572	0.0476911490609478
-0.796	0.0472391534485865	0.0469869235170694
-0.794	0.0465256312749318	0.0462725410883583
-0.792	0.0458017809937559	0.0455480217479126
-0.79	0.0450676240471637	0.0448133869216449
-0.788	0.0443231834971414	0.0440686594933721
-0.786	0.0435684840288673	0.0433138638097027
-0.784	0.0428035519537531	0.0425490256847184
-0.782	0.042028415211945	0.0417741724044488
-0.78	0.0412431033748959	0.0409893327311378
-0.778	0.04044764764744	0.0401945369072988
-0.776	0.0396420808695694	0.0393898166595579
-0.774	0.038826437517983	0.0385752052022825
-0.772	0.0380007537074079	0.0377507372409948
-0.77	0.0371650671914381	0.0369164489755663
-0.768	0.0363194173633161	0.0360723781031947
-0.766	0.0354638452561886	0.0352185638211585
-0.764	0.0345983935432486	0.03435504682935
-0.762	0.0337231065376358	0.033481869332584
-0.76	0.0328380301917832	0.0325990750426804
-0.758	0.0319432120966354	0.0317067091803205
-0.756	0.0310387014807958	0.0308048184766741
-0.754	0.0301245492088356	0.0298934511747969
-0.752	0.0292008077799295	0.0289726570307965
-0.75	0.0282675313257101	0.0280424873147655
-0.748	0.0273247756082213	0.0271029948114802
-0.746	0.0263725980172183	0.0261542338208648
-0.744	0.0254110575674815	0.0251962601582184
-0.742	0.0244402148956766	0.0242291311542037
-0.74	0.0234601322570427	0.0232529056545978
-0.738	0.0224708735216126	0.0222676440198017
-0.736	0.0214725041703332	0.0212734081241093
-0.734	0.0204650912909585	0.0202702613547338
-0.732	0.019448703573218	0.0192582686105909
-0.73	0.0184234113043971	0.0182374963008371
-0.728	0.0173892863639082	0.0172080123431637
-0.726	0.0163464022182893	0.0161698861618438
-0.724	0.0152948339153198	0.0151231886855327
-0.722	0.0142346580780952	0.0140679923448202
-0.72	0.013165952899044	0.0130043710695347
-0.718	0.0120887981333055	0.011932400285797
-0.716	0.0110032750920794	0.0108521569128256
-0.714	0.00990946663550574	0.00976371935948925
-0.712	0.00880745716558806	0.00866716752061047
-0.71	0.00769733261844863	0.00756258277301508
-0.708	0.00657918045661177	0.00645004797133081
-0.706	0.00545308966098901	0.00532964744353218
-0.704	0.00431915072235256	0.00420146698623261
-0.702	0.00317745563302196	0.0030655938597226
-0.7	0.00202809787769809	0.0019221167827535
-0.698	0.000871172424538713	0.000771125927067851
-0.696	-0.000293224284277471	-0.000387287088326027
-0.694	-0.00146499434215741	-0.00155302920313294
-0.692	-0.00264403838795602	-0.0027260059220062
-0.69	-0.00383025561617956	-0.00390612132103652
-0.688	-0.00502354378734537	-0.00509327805449739
-0.686	-0.00622379923859739	-0.00628737736184487
-0.684	-0.00743091689443531	-0.0074883190749728
-0.682	-0.00864479027811171	-0.00869600162572279
-0.68	-0.00986531152275916	-0.00991032205364986
-0.678	-0.0110923713830005	-0.0111311760140423
-0.676	-0.0123258592469284	-0.0123584577861958
-0.674	-0.0135656631479719	-0.0136071835599464
-0.672	-0.014811669777302	-0.0148467271650866
-0.67	-0.0160637644962947	-0.0160923762658266
-0.668	-0.0173218313492498	-0.0173440197245999
-0.666	-0.0185857530765077	-0.0186015450723532
-0.664	-0.0198554111274092	-0.019864838518351
-0.662	-0.0211306856738389	-0.0211337849602333
-0.66	-0.0224114556238675	-0.0224082679943244
-0.658	-0.0236975986354366	-0.0236881699261923
-0.656	-0.0249889911306553	-0.0249850605035882
-0.654	-0.0262855083097264	-0.0262753497802151
-0.652	-0.0275870241656406	-0.0275706956232853
-0.65	-0.0288934114988422	-0.0288709753524296
-0.648	-0.0302045419319086	-0.030176065052323
-0.646	-0.0315202859247847	-0.0314858395847219
-0.644	-0.0328405127899174	-0.0328001726007434
-0.642	-0.0341650907078446	-0.03411893655339
-0.64	-0.0354938867426426	-0.0354420027103171
-0.638	-0.0368267668578852	-0.036769241166842
-0.636	-0.0381635959326019	-0.038100520859194
-0.634	-0.0395042377774644	-0.0394357095780041
-0.632	-0.0408485551511433	-0.0407746739820313
-0.63	-0.0421964097769347	-0.0421172796121282
-0.628	-0.0435476623592734	-0.0434633909054396
-0.626	-0.0449021726008283	-0.0448009102320928
-0.624	-0.0462597992195128	-0.0461538005893022
-0.622	-0.0476203999655098	-0.0475097814091573
-0.62	-0.0489838316389495	-0.0488687128756371
-0.618	-0.050349950107119	-0.0502304541434638
-0.616	-0.05171861032251	-0.051594863353683
-0.614	-0.0530896663402842	-0.052961797649468
-0.612	-0.0544629713366334	-0.0543311131921471
-0.61	-0.0558383776265572	-0.0557026651774513
-0.608	-0.0572157366825081	-0.0570763078519807
-0.606	-0.0585948991524958	-0.0584518945298897
-0.604	-0.0599757148788314	-0.059829277609785
-0.602	-0.0613580329168713	-0.0612083085918383
-0.6	-0.0627417015536764	-0.0625888380951097
-0.598	-0.0641265683270547	-0.0639707158750805
-0.596	-0.0655124800447737	-0.0653537908413915
-0.594	-0.0668992828035613	-0.0667379110757877
-0.592	-0.0682868220085595	-0.0681229238502644
-0.59	-0.069674942392794	-0.0695086756454139
-0.588	-0.0710634880366428	-0.0708950121689694
-0.586	-0.0724523023876174	-0.0722817783745456
-0.584	-0.0738412282801022	-0.0736688184805711
-0.582	-0.0752301079553348	-0.075055975989412
-0.58	-0.0766187830811447	-0.0764430937066838
-0.578	-0.0780070947725164	-0.0778300137607483
-0.576	-0.0793948836112577	-0.0792165776223941
-0.574	-0.0807819896666899	-0.0806026261246968
-0.572	-0.0821682525158991	-0.0819879994830578
-0.57	-0.0835535112641708	-0.0833725373154171
-0.568	-0.0849376045656101	-0.0862678962028765
-0.566	-0.0863203706437616	-0.0875820851687974
-0.564	-0.0877016473124286	-0.088896594882714
-0.562	-0.0890812719962923	-0.0902112398888925
-0.56	-0.0904590817520585	-0.0915258343118349
-0.558	-0.0918349132891052	-0.0928401918811639
-0.556	-0.0932086029907424	-0.0941541259566128
-0.554	-0.0945799869353294	-0.0954674495531102
-0.552	-0.0959489009171364	-0.0967799753659617
-0.55	-0.0973151804679446	-0.0980915157961213
-0.548	-0.0986786608781216	-0.0994018829755506
-0.546	-0.100039177217909	-0.100710888792662
-0.544	-0.101396564358936	-0.102018344917841
-0.542	-0.102750656995667	-0.103324062829048
-0.54	-0.104101289666801	-0.104627853837488
-0.538	-0.105448296776842	-0.105278645971742
-0.536	-0.106791512617789	-0.106623963747353
-0.534	-0.10813077139052	-0.107965480968542
-0.532	-0.109465907226678	-0.109303029953457
-0.53	-0.110796754210227	-0.110636442859256
-0.528	-0.112123146399313	-0.11196555170529
-0.526	-0.113444917847886	-0.113290188396403
-0.524	-0.114761902627549	-0.114610184746326
-0.522	-0.116073934849382	-0.115925372501174
-0.52	-0.117380848685784	-0.117235583363035
-0.518	-0.118682478392216	-0.118540649013651
-0.516	-0.119978658329217	-0.119840401138185
-0.514	-0.121269222984282	-0.121134671449076
-0.512	-0.122554006993653	-0.122423291709965
-0.51	-0.123832845164301	-0.123706093759709
-0.508	-0.125105572495883	-0.124982909536455
-0.506	-0.126372024202567	-0.126253571101793
-0.504	-0.127632035735104	-0.127517910664964
-0.502	-0.128885442802542	-0.128775760607139
-0.5	-0.13013208139445	-0.130026953505746
-0.498	-0.131371787802479	-0.131271322158853
-0.496	-0.13260439864267	-0.132508699609604
-0.494	-0.133829750877055	-0.133738919170692
-0.492	-0.135047681835673	-0.134961814448881
-0.49	-0.136258029238533	-0.136177219369561
-0.488	-0.13746063121728	-0.137384968201335
-0.486	-0.138655326337258	-0.138584895580638
-0.484	-0.139841953619253	-0.139776836536381
-0.482	-0.141020352561242	-0.14096062651461
-0.48	-0.142190363160267	-0.142136101403194
-0.478	-0.143351825934147	-0.143303097556509
-0.476	-0.144504581943281	-0.144461451820149
-0.474	-0.145648472812212	-0.145611001555623
-0.472	-0.146783340751398	-0.14675158466507
-0.47	-0.147909028578795	-0.147883039615956
-0.468	-0.149025379741474	-0.149005205465768
-0.466	-0.150132238337122	-0.150117921886703
-0.464	-0.151229449135599	-0.151221029190326
-0.462	-0.152316857600425	-0.152314368352221
-0.46	-0.153394309910098	-0.153397781036608
-0.458	-0.154461652979563	-0.154471109620938
-0.456	-0.155518734481475	-0.155534197220447
-0.454	-0.156565402867471	-0.156630002927614
-0.452	-0.157601507389344	-0.157670629902605
-0.45	-0.158626898120346	-0.158700586419563
-0.448	-0.159641425976105	-0.159719718287655
-0.446	-0.160644942735658	-0.160727872174405
-0.444	-0.161637301062669	-0.161724895630202
-0.442	-0.162618354525961	-0.162710637112728
-0.44	-0.163587957620621	-0.163684946011323
-0.438	-0.164545965788705	-0.164647672671278
-0.436	-0.165492235439856	-0.165598668418037
-0.434	-0.166426623972001	-0.166537785581328
-0.432	-0.167348989791904	-0.1674648775192
-0.43	-0.168259192335597	-0.168379798641966
-0.428	-0.169157092088682	-0.169282404436054
-0.426	-0.170042550606865	-0.170172551487757
-0.424	-0.170915430535942	-0.17105009750687
-0.422	-0.171775595632027	-0.171914901350231
-0.42	-0.172622910781683	-0.17276682304514
-0.418	-0.173457242021698	-0.173605723812659
-0.416	-0.174278456559051	-0.174431466090794
-0.414	-0.175086422790756	-0.175243913557553
-0.412	-0.17588101032338	-0.176042931153867
-0.41	-0.176662089992675	-0.17682838510638
-0.408	-0.177429533883142	-0.177600142950104
-0.406	-0.178183215347275	-0.178358073550924
-0.404	-0.178923009024857	-0.179102047127959
-0.402	-0.179648790862188	-0.179831935275777
-0.4	-0.180360438131061	-0.180547610986445
-0.398	-0.181057829447724	-0.181248948671428
-0.396	-0.181740844791761	-0.181935824183323
-0.394	-0.182409365524677	-0.182608114837421
-0.392	-0.183063274408596	-0.183265699433103
-0.39	-0.183702455624712	-0.183908458275058
-0.388	-0.184326794791701	-0.184536273194322
-0.386	-0.184936178983804	-0.185149027569135
-0.384	-0.185530496749024	-0.185746606345609
-0.382	-0.186109638127135	-0.186328896058205
-0.38	-0.186673494667488	-0.186895784850017
-0.378	-0.187221959446717	-0.187447162492852
-0.376	-0.187754927086274	-0.187982920407116
-0.374	-0.188272293770055	-0.188502951681485
-0.372	-0.188773957261432	-0.189007151092367
-0.37	-0.189259816920696	-0.189495415123158
-0.368	-0.189729773721851	-0.18996764198327
-0.366	-0.190183730269638	-0.190423731626941
-0.364	-0.190621590816207	-0.190863585771825
-0.362	-0.191043261277699	-0.191287107917345
-0.36	-0.191448649250688	-0.19169420336282
-0.358	-0.191837664028355	-0.192084779225352
-0.356	-0.192210216616814	-0.19245874445748
-0.354	-0.192566219750972	-0.192816009864582
-0.352	-0.192905587910147	-0.193156488122038
-0.35	-0.193228237333969	-0.193480093792141
-0.348	-0.193534086037715	-0.193767125043153
-0.346	-0.193823053827643	-0.194057253514605
-0.344	-0.194095062316094	-0.194330254346817
-0.342	-0.194350034936505	-0.194586049937508
-0.34	-0.194587896958112	-0.194824564652003
-0.338	-0.194808575500602	-0.195045724838544
-0.336	-0.195011999548555	-0.195249458843333
-0.334	-0.195198099965609	-0.195435697025299
-0.332	-0.195366809508627	-0.195604371770588
-0.33	-0.195518062841543	-0.195755417506772
-0.328	-0.195651796548916	-0.195888770716769
-0.326	-0.195767949149555	-0.196004369952484
-0.324	-0.195866461109873	-0.196102155848158
-0.322	-0.195947274856735	-0.196182071133418
-0.32	-0.196010334790557	-0.196244060646039
-0.318	-0.196055587297963	-0.196288071344406
-0.316	-0.196082980764331	-0.196314052319674
-0.314	-0.196092465585892	-0.196321954807627
-0.312	-0.196083994181947	-0.196311732200227
-0.31	-0.196057521006765	-0.196283340056859
-0.308	-0.196013002561102	-0.196236736115262
-0.306	-0.195950397403664	-0.196171880302148
-0.304	-0.195869666162494	-0.196088734743507
-0.302	-0.195770771545625	-0.19598726377459
-0.3	-0.195653678352087	-0.195867433949576
-0.298	-0.195518353482385	-0.195729214050912
-0.296	-0.195364765948767	-0.195572575098333
-0.294	-0.195192886885295	-0.195397490357552
-0.292	-0.195002689557725	-0.195203935348624
-0.29	-0.194794149373038	-0.194991887853975
-0.288	-0.194567243888713	-0.194761327926105
-0.286	-0.194321952822136	-0.194512237894947
-0.284	-0.194058258059016	-0.194244602374901
-0.282	-0.19377614366239	-0.193958408271521
-0.28	-0.193475595880727	-0.193653644787864
-0.278	-0.193156603156069	-0.1933303034305
-0.276	-0.19281915613206	-0.192988378015179
-0.274	-0.192463247661252	-0.19262786467215
-0.272	-0.192088872812562	-0.192248761851136
-0.27	-0.191696028878269	-0.191851070325961
-0.268	-0.191284715380931	-0.191434793198831
-0.266	-0.190854934079624	-0.190999935904261
-0.264	-0.190406688976495	-0.19054650621265
-0.262	-0.189939986322486	-0.190074514233509
-0.26	-0.189454834622993	-0.18958397241833
-0.258	-0.188951244643505	-0.189074895563102
-0.256	-0.188429229414396	-0.188547300810472
-0.254	-0.187888804235939	-0.18800120765155
-0.252	-0.187329986682769	-0.187436637927352
-0.25	-0.186752796608076	-0.186853615829892
-0.248	-0.186157256147666	-0.186252167902911
-0.246	-0.185543389723406	-0.185632323042243
-0.244	-0.184911224046616	-0.184994112495826
-0.242	-0.184260788121293	-0.184337569863354
-0.24	-0.183592113246462	-0.183662731095559
-0.238	-0.1829052330189	-0.182969634493136
-0.236	-0.18220018333497	-0.182258320705312
-0.234	-0.181477002392683	-0.181528832728041
-0.232	-0.180735730692859	-0.180781215901847
-0.23	-0.179976411040471	-0.180015517909293
-0.228	-0.179199088545303	-0.179231788772103
-0.226	-0.178403810622569	-0.178430080847901
-0.224	-0.177590626992981	-0.177610448826607
-0.222	-0.176759589682575	-0.176772949726456
-0.22	-0.175910753022279	-0.17591764288966
-0.218	-0.175044173646924	-0.175044589977707
-0.216	-0.174159910494154	-0.174153854966302
-0.214	-0.173258024802934	-0.173245504139935
-0.212	-0.172338580111528	-0.1723196060861
-0.21	-0.171401642255404	-0.171376231689147
-0.208	-0.170447279364666	-0.170415454123773
-0.206	-0.169475561861006	-0.169437348848158
-0.204	-0.168486562454618	-0.168441993596735
-0.202	-0.167480356140416	-0.16742946837261
-0.2	-0.166457020194159	-0.166399855439616
-0.198	-0.16541663416794	-0.165353239314019
-0.196	-0.164359279885716	-0.164289706755861
-0.194	-0.163285041438044	-0.163177058615501
-0.192	-0.162194005176744	-0.162081443525131
-0.19	-0.161086259709037	-0.160969135511626
-0.188	-0.159961895891428	-0.159840231160357
-0.186	-0.158821006823132	-0.158694829261494
-0.184	-0.157663687839161	-0.157533030798068
-0.182	-0.156490036503016	-0.156354938933713
-0.18	-0.155300152599153	-0.155160659000082
-0.178	-0.154094138124663	-0.153950298483955
-0.176	-0.152872097281133	-0.152723967014015
-0.174	-0.151634136465688	-0.151481776347319
-0.172	-0.150380364261849	-0.150223840355452
-0.17	-0.149110891430041	-0.148950275010368
-0.168	-0.147825830897432	-0.147661198369923
-0.166	-0.1465252977479	-0.146356730563098
-0.164	-0.14520940921102	-0.145036993774915
-0.162	-0.143878284651194	-0.143702112231057
-0.16	-0.142532045555967	-0.142352212182173
-0.158	-0.141170815524305	-0.140987421887896
-0.156	-0.139794720254216	-0.139607871600558
-0.154	-0.13840388753016	-0.138213693548606
-0.152	-0.136998447209919	-0.136805021919738
-0.15	-0.135578531211252	-0.135381992843731
-0.148	-0.134144273498038	-0.133944744374999
-0.146	-0.132695810066011	-0.13249341647485
-0.144	-0.131233278928093	-0.131028150993475
-0.142	-0.129756820099701	-0.129549091651642
-0.14	-0.128266575582913	-0.128056384022123
-0.138	-0.126762689351011	-0.126550175510841
-0.136	-0.125245307332207	-0.125030615337747
-0.134	-0.12371457739313	-0.123497854517424
-0.132	-0.122170649321703	-0.121952045839429
-0.13	-0.120613674810116	-0.120393343848368
-0.128	-0.119043807436768	-0.118821904823707
-0.126	-0.117461202648414	-0.117237886759332
-0.124	-0.115866017741524	-0.115641449342849
-0.122	-0.114258411843565	-0.11403275393463
-0.12	-0.112638545893446	-0.112411963546616
-0.118	-0.111006582622267	-0.110779242820868
-0.116	-0.10936268653299	-0.109134758007876
-0.114	-0.107707023880209	-0.107478676944634
-0.112	-0.106039762649317	-0.105811169032466
-0.11	-0.104361072535269	-0.104132405214636
-0.108	-0.102671124921329	-0.102442557953708
-0.106	-0.100970092856912	-0.100741801208699
-0.104	-0.0992581510354569	-0.0990303104119911
-0.102	-0.0975354757717639	-0.0973082624460349
-0.1	-0.0958022449789979	-0.0955758356198322
-0.098	-0.0940586381455262	-0.0938332096452057
-0.096	-0.0923048363109871	-0.092080565612859
-0.094	-0.0905410220422738	-0.090318085968231
-0.092	-0.088767379409262	-0.0885459544871467
-0.09	-0.086984093959984	-0.0867643562512703
-0.088	-0.0851913526955315	-0.0849734776233615
-0.086	-0.083389344044619	-0.083173506222341
-0.084	-0.0815782578379327	-0.0813646308981679
-0.082	-0.0797582852818124	-0.0795470417065321
-0.08	-0.0779296189319609	-0.077720929883367
-0.078	-0.0760924526667708	-0.0758864878191847
-0.076	-0.0742469816600675	-0.0740439090332385
-0.074	-0.0723934023538249	-0.0721933881475166
-0.072	-0.0705319124304822	-0.0703351208605696
-0.07	-0.0686627107848778	-0.0684693039211779
-0.0679999999999999	-0.0667859974960692	-0.06659613510186
-0.0659999999999999	-0.0649019737984844	-0.0647158131722292
-0.0639999999999999	-0.0630108420532736	-0.062828537872199
-0.0620000000000001	-0.0611128057191053	-0.0609345098850441
-0.0600000000000001	-0.059208069322537	-0.0590339308103189
-0.0580000000000001	-0.0572968384283996	-0.0571270031366399
-0.056	-0.0553793196097985	-0.055213930214333
-0.054	-0.0534557204178014	-0.0532949162279528
-0.052	-0.051526249351042	-0.0513701661686758
-0.05	-0.0495911158246543	-0.049439885806573
-0.048	-0.0476505301395775	-0.0475042816627652
-0.046	-0.0457047034511362	-0.045563560981466
-0.044	-0.043753847737463	-0.0436179317019154
-0.042	-0.0417981757680082	-0.0416676024302095
-0.04	-0.0398379010713654	-0.0397127824110306
-0.038	-0.037873237903284	-0.0377536814992795
-0.036	-0.0359044012142107	-0.0357905101316187
-0.034	-0.0339316066168607	-0.0338234792979255
-0.032	-0.0319550703532627	-0.0318528005126643
-0.03	-0.0299750092620457	-0.0298786857861782
-0.028	-0.0279916407452276	-0.0279013475959073
-0.026	-0.0260051827349201	-0.0259209988575361
-0.024	-0.0240158536599608	-0.0239378528960754
-0.022	-0.0220238724123192	-0.0219521234168823
-0.02	-0.020029458313175	-0.0199640244766234
-0.018	-0.0180328310793811	-0.0179737704541848
-0.016	-0.0160342107892291	-0.0159815760215341
-0.014	-0.0140338178483432	-0.0139876561145375
-0.012	-0.0120318729555038	-0.0119922259037385
-0.01	-0.0100285970682847	-0.00999550076509997
-0.00800000000000001	-0.00802421136857845	-0.00799769625071604
-0.00600000000000001	-0.0060189372281485	-0.00599902805949759
-0.004	-0.0040129961739126	-0.00399971200783522
-0.002	-0.00200660985341017	-0.00199996400024485
0	0	0
0.002	0.00200661160205584	0.00199996400024485
0.004	0.00401300315220965	0.00399971200783522
0.00600000000000001	0.00601895286865783	0.00599902805949759
0.00800000000000001	0.00802423902315752	0.00799769625071604
0.01	0.0100286399759995	0.00999550076509997
0.012	0.0120319342108104	0.0119922259037385
0.014	0.0140339003696113	0.0139876561145375
0.016	0.0160343172877759	0.0159815760215341
0.018	0.0180329640286345	0.0179737704541848
0.02	0.0200296199186738	0.0199640244766234
0.022	0.0220240645821548	0.0219521234168823
0.024	0.0240160779759719	0.0239378528960754
0.026	0.0260054404242993	0.0259209988575361
0.028	0.0279919326534355	0.0279013475959073
0.03	0.0299753358261654	0.0298786857861782
0.032	0.0319554315763355	0.0318528005126643
0.034	0.0339320020433007	0.0338234792979255
0.036	0.0359048299062295	0.0357905101316187
0.038	0.037873698418224	0.0377536814992795
0.04	0.0398383914403837	0.0397127824110306
0.042	0.0417986934758687	0.0416676024302095
0.044	0.0437543897035937	0.0436179317019154
0.046	0.0457052660118791	0.045563560981466
0.048	0.0476511090319747	0.0475042816627652
0.05	0.0495917061713129	0.049439885806573
0.052	0.051526845646805	0.0513701661686758
0.054	0.0534563165176394	0.0532949162279528
0.056	0.0553799087181801	0.055213930214333
0.0580000000000001	0.0572974130902821	0.0571270031366399
0.0600000000000001	0.0592086214161043	0.0590339308103189
0.0620000000000001	0.0611133264497852	0.0609345098850441
0.0640000000000001	0.0630113219495314	0.0628285378721991
0.0660000000000001	0.0649024027092793	0.0647158131722293
0.0680000000000001	0.066786364590115	0.0665961351018601
0.0700000000000001	0.0686630045514249	0.0684693039211779
0.0720000000000001	0.0705321206817331	0.0703351208605697
0.0740000000000001	0.0723935122294108	0.0721933881475167
0.0760000000000001	0.0742469796329601	0.0740439090332386
0.0780000000000001	0.0760923245511265	0.0758864878191848
0.0800000000000001	0.0779293498925284	0.0777209298833671
0.0820000000000001	0.0797578598453441	0.0795470417065322
0.0840000000000001	0.0815776599061735	0.081364630898168
0.0860000000000001	0.0833885569091279	0.0831735062223411
0.0880000000000001	0.0851903590541241	0.0849734776233616
0.0900000000000001	0.0869828759351208	0.0867643562512704
0.0920000000000001	0.0887659185680292	0.0885459544871468
0.0940000000000001	0.090539299417955	0.0903180859682311
0.0960000000000001	0.0923028324266966	0.0920805656128591
0.0980000000000001	0.0940563330389779	0.0938332096452058
0.1	0.0957996182293641	0.0955758356198323
0.102	0.0975325065279691	0.097308262446035
0.104	0.0992548180461057	0.0990303104119912
0.106	0.100966374501709	0.100741801208699
0.108	0.102666999243951	0.102442557953708
0.11	0.104356517277864	0.104132405214636
0.112	0.106034755288363	0.105811169032466
0.114	0.107701541663786	0.107478676944634
0.116	0.109356706519279	0.109134758007877
0.118	0.111000081719538	0.110779242820868
0.12	0.112631500901074	0.112411963546616
0.122	0.114250799494386	0.11403275393463
0.124	0.115857814745297	0.115641449342849
0.126	0.117452385736129	0.117237886759332
0.128	0.11903435340632	0.118821904823707
0.13	0.120603560572647	0.120393343848368
0.132	0.122159851948894	0.121952045839429
0.134	0.123703074165263	0.123497854517424
0.136	0.125233075787165	0.125030615337747
0.138	0.126749707333545	0.126550175510841
0.14	0.128252821294822	0.128056384022123
0.142	0.129742272150494	0.129549091651642
0.144	0.131217916385879	0.131028150993475
0.146	0.132679612508824	0.13249341647485
0.148	0.134127221065782	0.133944744374999
0.15	0.135560604657215	0.135381992843731
0.152	0.136979627952826	0.136805021919738
0.154	0.13838415770617	0.138213693548606
0.156	0.139774062768879	0.139607871600558
0.158	0.141149214104232	0.140987421887896
0.16	0.142509484800414	0.142352212182173
0.162	0.143854750083307	0.143702112231057
0.164	0.145184887328625	0.145036993774915
0.166	0.14649977607381	0.146356730563098
0.168	0.147799298029227	0.147661198369923
0.17	0.149083337089095	0.148950275010368
0.172	0.150351779341747	0.150223840355452
0.174	0.15160451307959	0.151481776347319
0.176	0.152841428808486	0.152723967014015
0.178	0.154062419256491	0.153950298483955
0.18	0.155267379382707	0.155160659000082
0.182	0.156456206384945	0.156354938933712
0.184	0.157628799707368	0.157533030798068
0.186	0.158785061047624	0.158694829261494
0.188	0.1599248943633	0.159840231160357
0.19	0.161048205878146	0.160969135511626
0.192	0.162154904087828	0.162081443525131
0.194	0.16324489976499	0.163177058615501
0.196	0.164318105964284	0.164289706755861
0.198	0.165374438026404	0.165353239314019
0.2	0.166413813582295	0.166399855439616
0.202	0.16743615255632	0.16742946837261
0.204	0.168441377169515	0.168441993596735
0.206	0.169429411942005	0.169437348848158
0.208	0.170400183695335	0.170415454123773
0.21	0.171353621554019	0.171376231689147
0.212	0.172289656947001	0.1723196060861
0.214	0.173208223608469	0.173245504139935
0.216	0.174109257578465	0.174153854966302
0.218	0.174992697202853	0.175044589977707
0.22	0.175858483133112	0.17591764288966
0.222	0.176706558325577	0.176772949726456
0.224	0.177536868040434	0.177610448826607
0.226	0.178349359840098	0.178430080847901
0.228	0.179143983587565	0.179231788772103
0.23	0.179920691443996	0.180015517909293
0.232	0.180679437866289	0.180781215901847
0.234	0.181420179604174	0.181528832728041
0.236	0.182142875696655	0.182258320705312
0.238	0.182847487468663	0.182969634493136
0.24	0.183533978526938	0.183662731095559
0.242	0.184202314755737	0.184337569863354
0.244	0.184852464312158	0.184994112495826
0.246	0.185484397621138	0.185632323042243
0.248	0.186098087370382	0.186252167902911
0.25	0.186693508504547	0.186853615829892
0.252	0.187270638219346	0.187436637927352
0.254	0.187829455955537	0.18800120765155
0.256	0.188369943392317	0.188547300810472
0.258	0.188892084440525	0.189074895563102
0.26	0.189395865235781	0.18958397241833
0.262	0.189881274130968	0.190074514233509
0.264	0.190348301688815	0.19054650621265
0.266	0.190796940674005	0.190999935904261
0.268	0.191227186045097	0.191434793198831
0.27	0.191639034946306	0.191851070325961
0.272	0.192032486698835	0.192248761851136
0.274	0.192407542792083	0.19262786467215
0.276	0.192764206874884	0.192988378015179
0.278	0.193102484745893	0.1933303034305
0.28	0.193422384344586	0.193653644787864
0.282	0.193723915741359	0.193958408271521
0.284	0.194007091127702	0.194244602374901
0.286	0.194271924806401	0.194512237894947
0.288	0.194518433181102	0.194761327926105
0.29	0.194746634746181	0.194991887853975
0.292	0.194956550075844	0.195203935348624
0.294	0.195148201813936	0.195397490357552
0.296	0.195321614662532	0.195572575098333
0.298	0.19547681537135	0.195729214050912
0.3	0.195613832726366	0.195867433949576
0.302	0.195732697538546	0.19598726377459
0.304	0.195833442632434	0.196088734743507
0.306	0.195916102834616	0.196171880302148
0.308	0.195980714961919	0.196236736115262
0.31	0.196027317809779	0.196283340056859
0.312	0.196055952140114	0.196311732200227
0.314	0.19606666066943	0.196321954807627
0.316	0.196059488056704	0.196314052319674
0.318	0.196034480891015	0.196288071344406
0.32	0.195991687679353	0.196244060646039
0.322	0.195931158834114	0.196182071133418
0.324	0.195852946660679	0.196102155848158
0.326	0.195757105344768	0.196004369952484
0.328	0.195643690939775	0.195888770716769
0.33	0.195512761354109	0.195755417506772
0.332	0.195364376338375	0.195604371770588
0.334	0.195198597472412	0.195435697025299
0.336	0.195015488152436	0.195249458843333
0.338	0.194815113578116	0.195045724838544
0.34	0.194597540739437	0.194824564652003
0.342	0.194362838403649	0.194586049937508
0.344	0.19411107710205	0.194330254346817
0.346	0.193842329116947	0.194057253514605
0.348	0.193556668468275	0.193767125043153
0.35	0.193254170900389	0.193480093792141
0.352	0.192934913868669	0.193156488122038
0.354	0.192598976526298	0.192816009864582
0.356	0.192246439710701	0.19245874445748
0.358	0.191877385930212	0.192084779225352
0.36	0.191491899350567	0.19169420336282
0.362	0.191090065781509	0.191287107917345
0.364	0.19067197266304	0.190863585771825
0.366	0.190237709052042	0.190423731626941
0.368	0.189787365608623	0.18996764198327
0.37	0.189321034582477	0.189495415123158
0.372	0.188838809799279	0.189007151092367
0.374	0.188340786646847	0.188502951681485
0.376	0.187827062061615	0.187982920407116
0.378	0.187297734514914	0.187447162492852
0.38	0.186752903998851	0.186895784850017
0.382	0.186192672012879	0.186328896058205
0.384	0.185617141549855	0.185746606345609
0.386	0.185026417081986	0.185149027569135
0.388	0.184420604547213	0.184536273194322
0.39	0.183799811335007	0.183908458275058
0.392	0.183164146272546	0.183265699433103
0.394	0.182513719610611	0.182608114837421
0.396	0.181848643009587	0.181935824183323
0.398	0.181169029525321	0.181248948671428
0.4	0.180474993595112	0.180547610986445
0.402	0.179766651023201	0.179831935275777
0.404	0.179044118966956	0.179102047127959
0.406	0.178307515922242	0.178358073550924
0.408	0.177556961709271	0.177600142950104
0.41	0.176792577458215	0.17682838510638
0.412	0.176014485594592	0.176042931153867
0.414	0.175222809824959	0.175243913557553
0.416	0.174417675122186	0.174431466090794
0.418	0.173599207710879	0.173605723812659
0.42	0.172767535052799	0.17276682304514
0.422	0.171922785831768	0.171914901350231
0.424	0.171065089939162	0.17105009750687
0.426	0.170194578458748	0.170172551487757
0.428	0.16931138365176	0.169282404436054
0.43	0.168415638941838	0.168379798641966
0.432	0.167507478899765	0.1674648775192
0.434	0.166587039228205	0.166537785581328
0.436	0.165654456746338	0.165598668418037
0.438	0.164709869374434	0.164647672671278
0.44	0.163753416118311	0.163684946011323
0.442	0.16278523705347	0.162710637112728
0.444	0.161805473309471	0.161724895630202
0.446	0.160814267054008	0.160727872174405
0.448	0.159811761476902	0.159719718287655
0.45	0.158798100773865	0.158700586419563
0.452	0.157773430130447	0.157670629902605
0.454	0.15673789570539	0.156630002927614
0.456	0.155691644614308	0.155534197220447
0.458	0.154634824912975	0.154471109620938
0.46	0.153567585580518	0.153397781036608
0.462	0.152490076502559	0.152314368352221
0.464	0.15140244845405	0.151221029190326
0.466	0.150304853082076	0.150117921886703
0.468	0.149197442888564	0.149005205465768
0.47	0.148080371212743	0.147883039615956
0.472	0.146953792213324	0.14675158466507
0.474	0.145817860850954	0.145611001555623
0.476	0.144672732869779	0.144461451820149
0.478	0.143518564779754	0.143303097556509
0.48	0.142355513838027	0.142136101403194
0.482	0.141183738030534	0.14096062651461
0.484	0.140003396053288	0.139776836536381
0.486	0.138814647293515	0.138584895580638
0.488	0.137617651810714	0.137384968201335
0.49	0.136412570317319	0.136177219369561
0.492	0.135199564159436	0.134961814448881
0.494	0.133978795297338	0.133738919170692
0.496	0.132750426285469	0.132508699609604
0.498	0.131514620252673	0.131271322158853
0.5	0.130271540882163	0.130026953505746
0.502	0.129021352390922	0.128775760607139
0.504	0.127764219509487	0.127517910664964
0.506	0.126500307461143	0.126253571101793
0.508	0.12522978194103	0.124982909536455
0.51	0.123952809095087	0.123706093759709
0.512	0.122669555498817	0.122423291709965
0.514	0.121380188135788	0.121134671449076
0.516	0.120084874375962	0.119840401138185
0.518	0.118783781954107	0.118540649013651
0.52	0.117477078947289	0.117235583363035
0.522	0.116164933753183	0.115925372501174
0.524	0.114847515067368	0.114610184746326
0.526	0.113524991860757	0.113290188396403
0.528	0.11219753335692	0.11196555170529
0.53	0.110865309009085	0.110636442859256
0.532	0.109528488476926	0.109303029953457
0.534	0.108187241603403	0.107965480968542
0.536	0.106841738391111	0.106623963747353
0.538	0.105492148978612	0.105278645971742
0.54	0.104138643616764	0.104627853837488
0.542	0.102781392644417	0.103324062829048
0.544	0.101420566464498	0.102018344917841
0.546	0.100056335519454	0.100710888792662
0.548	0.098688870266912	0.0994018829755506
0.55	0.0973183411549314	0.0980915157961213
0.552	0.0959449185971124	0.0967799753659617
0.554	0.0945687729476958	0.0954674495531102
0.556	0.0931900744766097	0.0941541259566128
0.558	0.0918089933438324	0.0928401918811639
0.56	0.0904256995744532	0.0915258343118349
0.562	0.0890403630327938	0.0902112398888925
0.564	0.0876531533969995	0.088896594882714
0.566	0.0862642401331613	0.0875820851687974
0.568	0.084873792469466	0.0862678962028765
0.57	0.0834819793702621	0.0833725373154171
0.572	0.0820889695099396	0.0819879994830578
0.574	0.0806949312467111	0.0806026261246968
0.576	0.0793000325965352	0.0792165776223941
0.578	0.0779044412064138	0.0778300137607483
0.58	0.0765083243283868	0.0764430937066838
0.582	0.0751118487927442	0.075055975989412
0.584	0.0737151809816226	0.0736688184805711
0.586	0.0723184868023168	0.0722817783745456
0.588	0.0709219316607204	0.0708950121689694
0.59	0.0695256804345235	0.0695086756454139
0.592	0.0681298974466245	0.0681229238502644
0.594	0.0667347464383141	0.0667379110757876
0.596	0.0653403905424597	0.0653537908413914
0.598	0.0639469922569305	0.0639707158750804
0.6	0.0625547134176827	0.0625888380951097
0.602	0.0611637151720856	0.0612083085918381
0.604	0.059774157952134	0.0598292776097849
0.606	0.0583862014478171	0.0584518945298897
0.608	0.0570000045804591	0.0570763078519807
0.61	0.0556157254760592	0.0557026651774512
0.612	0.054233521438789	0.0543311131921471
0.614	0.0528535489245314	0.052961797649468
0.616	0.0514759635143349	0.0515948633536829
0.618	0.0501009198882798	0.0502304541434637
0.62	0.048728571799046	0.048868712875637
0.622	0.0473590720459782	0.0475097814091573
0.624	0.0459925724489381	0.0461538005893021
0.626	0.0446292238224402	0.0448009102320928
0.628	0.0432691759499306	0.0434633909054397
0.63	0.041912577558108	0.0421172796121282
0.632	0.0405595762916136	0.0407746739820314
0.634	0.0392103186875516	0.0394357095780042
0.636	0.0378649501504356	0.0381005208591941
0.638	0.0365236149272761	0.036769241166842
0.64	0.0351864560828687	0.0354420027103171
0.642	0.0338536154751381	0.0341189365533902
0.644	0.0325252337308513	0.0328001726007435
0.646	0.0312014502215305	0.031485839584722
0.648	0.0298824030396787	0.0301760650523231
0.65	0.0285682289749474	0.0288709753524296
0.652	0.027259063490817	0.0275706956232854
0.654	0.0259550407016604	0.0262753497802151
0.656	0.0246562933496506	0.0249850605035883
0.658	0.0233629527823496	0.0236881699261923
0.66	0.0220751489304405	0.0224082679943244
0.662	0.0207930102856864	0.0211337849602333
0.664	0.0195166638793012	0.019864838518351
0.666	0.0182462352607189	0.0186015450723532
0.668	0.0169818484763766	0.0173440197245999
0.67	0.0157236260492652	0.0160923762658266
0.672	0.0144716889585226	0.0148467271650866
0.674	0.0132261566194245	0.0136071835599464
0.676	0.0119871468639445	0.0123584577861958
0.678	0.0107547759212565	0.0111311760140423
0.68	0.00952915839931734	0.00991032205364986
0.682	0.00831040726595234	0.00869600162572279
0.684	0.00709863383123377	0.0074883190749728
0.686	0.00589394772947571	0.00628737736184487
0.688	0.00469645690239417	0.00509327805449739
0.69	0.00350626758201145	0.00390612132103652
0.692	0.00232348427438467	0.0027260059220062
0.694	0.00114820974374652	0.00155302920313294
0.696	-1.94550030414575E-05	0.000387287088326027
0.698	-0.00117941073141026	-0.000771125927067851
0.7	-0.0023315599938627	-0.0019221167827535
0.702	-0.00347580714380058	-0.0030655938597226
0.704	-0.00461205834929501	-0.00420146698623261
0.706	-0.00574022160627408	-0.00532964744353218
0.708	-0.00686020675105681	-0.00645004797133081
0.71	-0.00797192547260295	-0.00756258277301508
0.712	-0.00907529132408058	-0.00866716752061047
0.714	-0.0101702197341496	-0.00976371935948925
0.716	-0.0112566280176196	-0.0108521569128256
0.718	-0.0123344353853838	-0.011932400285797
0.72	-0.0134035629544513	-0.0130043710695347
0.722	-0.0144639337565877	-0.0140679923448202
0.724	-0.0155154727472393	-0.0151231886855327
0.726	-0.016558106813406	-0.0161698861618438
0.728	-0.0175917647813009	-0.0172080123431637
0.73	-0.0186163774231431	-0.0182374963008371
0.732	-0.0196318774638513	-0.0192582686105909
0.734	-0.0206381995866565	-0.0202702613547338
0.736	-0.0216352804387867	-0.0212734081241093
0.738	-0.0226230586359293	-0.0222676440198017
0.74	-0.0236014747667923	-0.0232529056545978
0.742	-0.0245704713966148	-0.0242291311542037
0.744	-0.0255299930704211	-0.0251962601582184
0.746	-0.0264799863156497	-0.0261542338208648
0.748	-0.0274203996441429	-0.0271029948114802
0.75	-0.0283511835536387	-0.0280424873147655
0.752	-0.0292722905287803	-0.0289726570307965
0.754	-0.0301836750414566	-0.0298934511747969
0.756	-0.0310852935506176	-0.0308048184766741
0.758	-0.0319771045016637	-0.0317067091803205
0.76	-0.0328590683249246	-0.0325990750426804
0.762	-0.0337311474341959	-0.033481869332584
0.764	-0.0345933062240107	-0.03435504682935
0.766	-0.0354455110669107	-0.0352185638211585
0.768	-0.0362877303098941	-0.0360723781031947
0.77	-0.0371199342705211	-0.0369164489755663
0.772	-0.0379420952320402	-0.0377507372409948
0.774	-0.0387541874387125	-0.0385752052022825
0.776	-0.0395561870898007	-0.0393898166595579
0.778	-0.0403480723335718	-0.0401945369072988
0.78	-0.0411298232605048	-0.0409893327311378
0.782	-0.0419014218961564	-0.0417741724044488
0.784	-0.0426628521933168	-0.0425490256847184
0.786	-0.0434141000237389	-0.0433138638097027
0.788	-0.044155153169342	-0.0440686594933721
0.79	-0.0448860013128893	-0.0448133869216449
0.792	-0.0456066360283387	-0.0455480217479126
0.794	-0.0463170507702415	-0.0462725410883583
0.796	-0.0470172408631555	-0.0469869235170694
0.798	-0.0477072034902619	-0.0476911490609478
0.8	-0.0483869376816557	-0.0483851991944184
0.802	-0.0490564443020389	-0.0490690568339386
0.804	-0.0497157260378884	-0.0497427063323101
0.806	-0.0503647873845381	-0.050406133472796
0.808	-0.051003634632238	-0.0510511009863472
0.81	-0.0516322758522705	-0.05169430801233
0.812	-0.0522507208822418	-0.0523272660410865
0.814	-0.0528589813111751	-0.0529499665724079
0.816	-0.0534570704641908	-0.0535624025030144
0.818	-0.0540450033865056	-0.0541645681195121
0.82	-0.0546227968272746	-0.0547564590911694
0.822	-0.0551904692229073	-0.0553380724625137
0.824	-0.0557480406801858	-0.0559094066457542
0.826	-0.0562955329584867	-0.0564704614130297
0.828	-0.05683296945233	-0.0570212378884848
0.83	-0.0573603751729053	-0.0575617385401771
0.832	-0.0578777767297396	-0.0580919671718182
0.834	-0.0583852023116123	-0.0586119289143491
0.836	-0.0588826816674128	-0.0591216302173533
0.838	-0.0593702460865302	-0.0596210788403119
0.84	-0.0598479283788578	-0.0601102838436981
0.842	-0.0603157628546995	-0.0605892555799198
0.844	-0.0607737853041925	-0.0610580056841075
0.846	-0.0612220329762891	-0.0615165470647525
0.848	-0.0616605445579239	-0.0619648938941975
0.85	-0.0620893601523278	-0.0624030615989818
0.852	-0.0625085212575982	-0.0628310668500433
0.854	-0.0629180707445869	-0.0632489275527809
0.856	-0.063318052834731	-0.063656662836978
0.858	-0.0637085130777422	-0.0640542930465909
0.86	-0.0640894983288121	-0.0644418397294057
0.862	-0.0644610567259178	-0.0648193256265621
0.864	-0.0648232376664879	-0.0651867746619524
0.866	-0.0651760917844086	-0.0655442119314932
0.868	-0.0655196709262782	-0.0658916636922753
0.87	-0.0658540281280153	-0.0662291573515929
0.872	-0.0661792175908573	-0.066587509002408
0.874	-0.0664952946574999	-0.0669057857000264
0.876	-0.0668023157878821	-0.0672142014869025
0.878	-0.0671003385350559	-0.0675127883226591
0.88	-0.0673894215206445	-0.0678015792605451
0.882	-0.0676696244105131	-0.068080608435791
0.884	-0.0679410078900275	-0.0683499110538634
0.886	-0.0682036336394418	-0.0686095233786205
0.888	-0.0684575643090852	-0.0688594827203703
0.89	-0.0687028634944795	-0.0690998274238348
0.892	-0.0689395957114129	-0.0693305968560222
0.894	-0.0691678263710003	-0.0695518313940111
0.896	-0.0693876217546006	-0.0697635724126477
0.898	-0.0695990489887492	-0.0699658622721595
0.9	-0.0698021760202181	-0.0701587443056881
0.902	-0.0699970715906204	-0.0703422628067431
0.904	-0.070183805211613	-0.0705164630165813
0.906	-0.0703624471396012	-0.0706813911115116
0.908	-0.070533068350656	-0.0708370941901298
0.91	-0.0706957405155464	-0.070983620260486
0.912	-0.070850535974543	-0.0711210182271854
0.914	-0.070997527712592	-0.0712493378784283
0.916	-0.0711367893343038	-0.0713686298729882
0.918	-0.0712683950389419	-0.0714789457271336
0.92	-0.0713924195958668	-0.0715803378014949
0.922	-0.0715089383194538	-0.0716728592878782
0.924	-0.0716180270447921	-0.0717565641960303
0.926	-0.0717197621028873	-0.0718315073403565
0.928	-0.0718142202963605	-0.0718977443265938
0.93	-0.071901478874878	-0.0719553315384416
0.932	-0.0719816155112341	-0.0720043261241544
0.934	-0.0720547082769656	-0.0720447859830965
0.936	-0.0721208356186196	-0.0720767697522627
0.938	-0.0721800763337797	-0.0721003367927679
0.94	-0.0722325095475043	-0.072115547176307
0.942	-0.0722782146888079	-0.0721224616715878
0.944	-0.0723172714671705	-0.0721211417307411
0.946	-0.0723497598496152	-0.0721116494757076
0.948	-0.072375760037616	-0.0720940476846062
0.95	-0.0723953524441612	-0.0720683997780864
0.952	-0.0724086176714138	-0.0720347698056653
0.954	-0.0724156364881168	-0.0719932224320537
0.956	-0.0724164898074804	-0.0719438229234724
0.958	-0.0724112586651273	-0.0718866371339618
0.96	-0.072400024197421	-0.071821731491687
0.962	-0.0723828676198508	-0.0717491729852409
0.964	-0.0723598702058155	-0.0716690291499473
0.966	-0.0723311132654203	-0.0715813680541673
0.968	-0.0722966781248147	-0.0714862582856099
0.97	-0.0722566461054583	-0.0713837689376505
0.972	-0.0722110985038427	-0.0712739695956592
0.974	-0.0721601165714958	-0.0711569303233408
0.976	-0.0721037814950733	-0.0710327216490889
0.978	-0.0720421743768327	-0.0709014145523571
0.98	-0.071975376215434	-0.0707630804500488
0.982	-0.0719034678867274	-0.0706177911829277
0.984	-0.0718265301254206	-0.0704656190020523
0.986	-0.0717446435061788	-0.0703066365552348
0.988	-0.0716578884257757	-0.070140916873529
0.99	-0.0715663450851878	-0.0699685333577471
0.992	-0.0714700934719446	-0.0697895597650083
0.994	-0.0713692133428481	-0.0696040701953224
0.996	-0.0712637842070762	-0.0694121390782088
0.998	-0.0711538853093998	-0.069213841159354
