-1	-0.272536550888463	0.192497730304416
-0.998	-0.285678817823823	0.172048673625913
-0.996	-0.298954871229445	0.151422863570546
-0.994	-0.312365125798091	0.130622111165926
-0.992	-0.325909968388203	0.109648268079707
-0.99	-0.339589757297409	0.0885032265666926
-0.988	-0.353404821535355	0.0671889194080638
-0.986	-0.367355460096208	0.0457073198426502
-0.984	-0.381441941231145	0.0240604414902119
-0.982	-0.395664501721174	0.00225033826672097
-0.98	-0.410023346150636	-0.0197208957084145
-0.978	-0.424518646181741	-0.0418511262132077
-0.976	-0.439150539830468	-0.0641381790320529
-0.974	-0.453919130744218	-0.0865798400728432
-0.972	-0.46882448748156	-0.10917385549224
-0.97	-0.483866642794443	-0.131917931829135
-0.968	-0.499045592913245	-0.154809736146348
-0.966	-0.51436129683504	-0.177846896180545
-0.964	-0.529813675615439	-0.201027000500428
-0.962	-0.545402611664421	-0.224347598673205
-0.96	-0.561127948046494	-0.247806201439345
-0.958	-0.576989487785625	-0.27140028089568
-0.956	-0.592986993175284	-0.295127270686797
-0.954	-0.60912018509403	-0.318984566204799
-0.952	-0.625388742327008	-0.342969524797408
-0.95	-0.641792300893785	-0.367079465984436
-0.948	-0.658330453382904	-0.391311671682622
-0.946	-0.675002748293563	-0.415663386438846
-0.944	-0.691808689384843	-0.440131817671724
-0.942	-0.708747735032863	-0.464714135921591
-0.94	-0.725819297596302	-0.489407475108865
-0.938	-0.743022742790676	-0.514208932800784
-0.936	-0.760357389071787	-0.539115570486548
-0.934	-0.777822507028768	-0.564124413860811
-0.932	-0.795417318787122	-0.589232453115561
-0.93	-0.81314099742218	-0.614436643240352
-0.928	-0.830992666383386	-0.639733904330886
-0.926	-0.848971398929829	-0.665121121905959
-0.924	-0.867076217577427	-0.690595147232689
-0.922	-0.885306093558192	-0.716152797660104
-0.92	-0.903659946291973	-0.74179085696099
-0.918	-0.922136642871103	-0.767506075682036
-0.916	-0.940734997558357	-0.793295171502209
-0.914	-0.959453771298622	-0.819154829599394
-0.912	-0.97829167124471	-0.845081703025214
-0.91	-0.99724735029769	-0.87107241308804
-0.908	-1.01631940666218	-0.897123549744155
-0.906	-1.03550638341698	-0.923231671997043
-0.904	-1.05480676810141	-0.94939330830476
-0.902	-1.0742189923179	-0.975604956995372
-0.9	-1.09374143135095	-1.0018630866904
-0.898	-1.11337240380318	-1.02816413673627
-0.896	-1.13311017124859	-1.05450451764367
-0.894	-1.15295293790358	-1.08088061153487
-0.892	-1.17289885031601	-1.10728877259881
-0.89	-1.19294599707274	-1.13372532755412
-0.888	-1.213092408526	-1.16018657611977
-0.886	-1.23333605653894	-1.18666879149358
-0.884	-1.25367485425072	-1.21316822083825
-0.882	-1.27410665586158	-1.23968108577514
-0.88	-1.29462925643807	-1.26620358288553
-0.878	-1.31524039173898	-1.29273188421938
-0.876	-1.33593773806218	-1.31926213781158
-0.874	-1.3567189121127	-1.34579046820553
-0.872	-1.37758147089248	-1.37231297698411
-0.87	-1.39852291161202	-1.39882574330783
-0.868	-1.41954067162424	-1.42532482446022
-0.866	-1.4406321283809	-1.45180625640034
-0.864	-1.46179459941185	-1.47826605432232
-0.862	-1.48302534232746	-1.50470021322194
-0.86	-1.50432155484434	-1.53110470846999
-0.858	-1.52568037483483	-1.55747549639266
-0.856	-1.54709888040044	-1.5838085148585
-0.854	-1.56857408996944	-1.61009968387216
-0.852	-1.59010296241891	-1.63634490617473
-0.85	-1.6116823972215	-1.6625400678505
-0.848	-1.63330923461703	-1.68868103894031
-0.846	-1.65498025580936	-1.71476367406107
-0.844	-1.6766921831884	-1.74078381303168
-0.842	-1.69844168057782	-1.76673728150501
-0.84	-1.72022535350841	-1.79261989160603
-0.838	-1.74203974951731	-1.81842744257589
-0.836	-1.76388135847336	-1.84415572142189
-0.834	-1.78574661292868	-1.86980050357321
-0.832	-1.80763188849647	-1.89535755354243
-0.83	-1.82953350425552	-1.9208226255925
-0.828	-1.85144772318114	-1.94619146440934
-0.826	-1.87337075260292	-1.97145980577972
-0.824	-1.8952987446893	-1.99662337727448
-0.822	-1.91722779695894	-2.02167789893692
-0.82	-1.93915395281925	-2.04661908397622
-0.818	-1.96107320213174	-2.07144263946587
-0.816	-1.98298148180463	-2.0961442670469
-0.814	-2.00487467641246	-2.12071966363587
-0.812	-2.02674861884288	-2.14516452213746
-0.81	-2.04859909097056	-2.16947453216158
-0.808	-2.07042182435827	-2.19364538074483
-0.806	-2.09221250098505	-2.21767275307626
-0.804	-2.11396675400146	-2.24155233322728
-0.802	-2.13568016851186	-2.26527980488551
-0.8	-2.15734828238372	-2.28885085209264
-0.798	-2.17896658708379	-2.31226115998598
-0.796	-2.20053052854105	-2.33550641554369
-0.794	-2.22203550803649	-2.35858230833353
-0.792	-2.24347688311934	-2.38148453126496
-0.79	-2.26484996854992	-2.40420878134454
-0.788	-2.28615003726866	-2.42675076043446
-0.786	-2.30737232139143	-2.449106176014
-0.784	-2.32851201323072	-2.47127074194392
-0.782	-2.34956426634277	-2.4932401792335
-0.78	-2.37052419660018	-2.51501021681028
-0.778	-2.39138688328996	-2.53657659229208
-0.776	-2.41214737023673	-2.55793505276146
-0.774	-2.43280066695084	-2.57908135554232
-0.772	-2.45334174980111	-2.60001126897845
-0.77	-2.47376556321194	-2.62072057321408
-0.768	-2.49406702088458	-2.64120506097603
-0.766	-2.51424100704206	-2.66146053835759
-0.764	-2.53428237769772	-2.68148282560376
-0.762	-2.55418596194675	-2.70126775789778
-0.76	-2.57394656328061	-2.72081118614888
-0.758	-2.59355896092383	-2.74010897778098
-0.756	-2.61301791119287	-2.75915701752222
-0.754	-2.63231814887665	-2.77795120819529
-0.752	-2.65145438863833	-2.79648747150819
-0.75	-2.67042132643796	-2.81476174884545
-0.748	-2.68921364097552	-2.83277000205962
-0.746	-2.70782599515395	-2.85050821426276
-0.744	-2.72625303756165	-2.86797239061796
-0.742	-2.74448940397412	-2.8851585591306
-0.74	-2.76252971887405	-2.90206277143921
-0.738	-2.78036859698953	-2.91868110360581
-0.736	-2.79800064484984	-2.93500965690562
-0.734	-2.81542046235821	-2.9510445586158
-0.732	-2.83262264438113	-2.96678196280333
-0.73	-2.84960178235355	-2.98221805111157
-0.728	-2.86635246589959	-2.9973490335456
-0.726	-2.8828692844679	-3.01217114925606
-0.724	-2.89914682898141	-3.02668066732132
-0.722	-2.91517969350066	-3.0408738875278
-0.72	-2.93096247690015	-3.05474714114846
-0.718	-2.94648978455717	-3.06829679171899
-0.716	-2.96175623005237	-3.08151923581184
-0.714	-2.97675643688152	-3.09441090380773
-0.712	-2.99148504017779	-3.10696826066453
-0.71	-3.00593668844386	-3.11918780668346
-0.708	-3.02010604529324	-3.13106607827222
-0.706	-3.03398779120007	-3.14259964870511
-0.704	-3.04757662525682	-3.15378512887983
-0.702	-3.06086726693901	-3.16461916807092
-0.7	-3.07385445787651	-3.17509845467948
-0.698	-3.0865329636304	-3.18521971697931
-0.696	-3.09889757547497	-3.19497972385898
-0.694	-3.11094311218395	-3.20437528555989
-0.692	-3.12266442182027	-3.2134032544101
-0.69	-3.13405638352863	-3.22206052555373
-0.688	-3.14511390933023	-3.23034403767579
-0.686	-3.15583194591866	-3.2382507737223
-0.684	-3.16620547645651	-3.24577776161549
-0.682	-3.17622952237167	-3.25292207496403
-0.68	-3.18589914515269	-3.25968083376792
-0.678	-3.19520944814246	-3.26605120511814
-0.676	-3.20415557832931	-3.27203040389066
-0.674	-3.21273272813488	-3.27761569343486
-0.672	-3.22093613719789	-3.282804386256
-0.67	-3.22876109415307	-3.28759384469176
-0.668	-3.23620293840446	-3.29198148158257
-0.666	-3.24325706189234	-3.29596476093564
-0.664	-3.24991891085283	-3.29954119858249
-0.662	-3.25618398756964	-3.30270836282987
-0.66	-3.26204785211691	-3.30546387510386
-0.658	-3.26750612409259	-3.30780541058706
-0.656	-3.27255448434132	-3.30973069884864
-0.654	-3.2771886766663	-3.31123752446716
-0.652	-3.28140450952909	-3.31232372764603
-0.65	-3.2851978577368	-3.31298720482129
-0.648	-3.28856466411568	-3.31322590926187
-0.646	-3.29150094117045	-3.31303785166181
-0.644	-3.29400277272857	-3.31242110072461
-0.642	-3.2960663155687	-3.31137378373939
-0.64	-3.29768780103244	-3.30989408714874
-0.638	-3.29886353661882	-3.30798025710813
-0.636	-3.29958990756058	-3.30563060003682
-0.634	-3.29986337838153	-3.3028434831599
-0.632	-3.29968049443434	-3.29961733504161
-0.63	-3.2990378834179	-3.29595064610955
-0.628	-3.29793225687351	-3.29184196916982
-0.626	-3.29636041165932	-3.28728991991285
-0.624	-3.29431923140208	-3.28229317740979
-0.622	-3.29180568792565	-3.2768504845994
-0.62	-3.28881684265554	-3.27096064876523
-0.618	-3.28534984799868	-3.26462254200297
-0.616	-3.28140194869785	-3.2578351016779
-0.614	-3.27697048316004	-3.25059733087224
-0.612	-3.2720528847581	-3.24290829882229
-0.61	-3.26664668310495	-3.23476714134531
-0.608	-3.26074950529977	-3.22617306125583
-0.606	-3.25435907714558	-3.21712532877155
-0.604	-3.24747322433744	-3.20762328190841
-0.602	-3.24008987362078	-3.19766632686498
-0.6	-3.23220705391926	-3.18725393839579
-0.598	-3.22382289743145	-3.17638566017375
-0.596	-3.21493564069598	-3.16506110514134
-0.594	-3.20554362562431	-3.15327995585061
-0.592	-3.19564530050089	-3.1410419647917
-0.59	-3.18523922094991	-3.12834695471002
-0.588	-3.17432405086829	-3.11519481891175
-0.586	-3.16289856332437	-3.10158552155768
-0.584	-3.15096164142174	-3.08751909794531
-0.582	-3.1385122791279	-3.072995654779
-0.58	-3.12554958206712	-3.0580153704282
-0.578	-3.1120727682772	-3.04257849517355
-0.576	-3.0980811689296	-3.02668535144087
-0.574	-3.08357422901267	-3.01033633402283
-0.572	-3.06855150797746	-2.99353191028837
-0.57	-3.0530126803458	-2.97627262037957
-0.568	-3.03695753628037	-2.9585590773961
-0.566	-3.02038598211626	-2.94039196756703
-0.564	-3.00329804085387	-2.92177205041
-0.562	-2.98569385261281	-2.90270015887759
-0.56	-2.96757367504643	-2.88317719949091
-0.558	-2.94893788371685	-2.86320415246029
-0.556	-2.92978697243021	-2.84278207179296
-0.554	-2.91012155353188	-2.82191208538777
-0.552	-2.88994235816147	-2.80059539511674
-0.55	-2.86925023646746	-2.77883327689353
-0.548	-2.84804615778129	-2.7566270807286
-0.546	-2.82633121075074	-2.73397823077118
-0.544	-2.80410660343252	-2.71088822533784
-0.542	-2.78137366334397	-2.68735863692778
-0.54	-2.75813383747373	-2.66339111222454
-0.538	-2.73438869225143	-2.63898737208439
-0.536	-2.71013991347625	-2.61414921151109
-0.534	-2.68538930620436	-2.58887849961714
-0.532	-2.66013879459536	-2.56317717957141
-0.53	-2.63439042171756	-2.53704726853316
-0.528	-2.60814634931225	-2.51049085757234
-0.526	-2.581408857517	-2.48351011157626
-0.524	-2.55418034454816	-2.45610726914246
-0.522	-2.52646332634243	-2.4282846424579
-0.52	-2.49826043615795	-2.4000446171643
-0.518	-2.46957442413477	-2.37138965220976
-0.516	-2.44040815681504	-2.34232227968652
-0.514	-2.41076461662307	-2.31284510465488
-0.512	-2.3806469013054	-2.28296080495338
-0.51	-2.35005822333116	-2.252672130995
-0.508	-2.31900190925309	-2.22198190554964
-0.506	-2.28748139902915	-2.19089302351265
-0.504	-2.25550024530544	-2.15940845165955
-0.502	-2.22306211266039	-2.12753122838694
-0.5	-2.19017077681069	-2.09526446343948
-0.498	-2.15683012377935	-2.0626113376231
-0.496	-2.12304414902617	-2.02957510250439
-0.494	-2.08881695654098	-1.99615908009613
-0.492	-2.05415275790021	-1.96236666252912
-0.49	-2.019055871287	-1.92820131171013
-0.488	-1.98353072047547	-1.89366655896621
-0.486	-1.9475818337795	-1.8587660046752
-0.484	-1.91121384296653	-1.82350331788261
-0.482	-1.87443148213684	-1.78788223590481
-0.48	-1.83723958656893	-1.75190656391859
-0.478	-1.79964309153136	-1.71558017453716
-0.476	-1.76164703106168	-1.67890700737261
-0.474	-1.72325653671308	-1.64189106858484
-0.472	-1.68447683626917	-1.60453643041706
-0.47	-1.64531325242762	-1.56684723071787
-0.468	-1.60577120145318	-1.52882767245001
-0.466	-1.56585619180076	-1.49048202318582
-0.464	-1.52557382270916	-1.4518146145894
-0.462	-1.4849297827661	-1.41282984188571
-0.46	-1.44392984844526	-1.37353216331643
-0.458	-1.40257988261592	-1.33392609958285
-0.456	-1.36088583302596	-1.29401623327581
-0.454	-1.31885373075893	-1.25380720829265
-0.452	-1.27648968866575	-1.21330372924142
-0.45	-1.23379989977205	-1.17251056083228
-0.448	-1.19079063566151	-1.13143252725628
-0.446	-1.14746824483633	-1.09007451155155
-0.444	-1.10383915105526	-1.04844145495697
-0.442	-1.05990985165019	-1.00653835625343
-0.44	-1.01568691582187	-0.964370271092839
-0.438	-0.971176982915758	-0.921942311314875
-0.436	-0.9263867606786	-0.879259644251597
-0.434	-0.881323023496607	-0.836327492020071
-0.432	-0.835992610616088	-0.793151130803086
-0.43	-0.790402424347247	-0.749735890118052
-0.428	-0.744559428252044	-0.70608715207419
-0.426	-0.698470645316888	-0.662210350618168
-0.424	-0.652143156111035	-0.618110970768231
-0.422	-0.605584096931473	-0.573794547837007
-0.42	-0.558800657935188	-0.529266666643059
-0.418	-0.511800081259578	-0.484532960711346
-0.416	-0.464589659131943	-0.439599111462675
-0.414	-0.417176731968819	-0.394470847392327
-0.412	-0.369568686466045	-0.34915394323792
-0.41	-0.321772953680412	-0.303654219136711
-0.408	-0.273797007103718	-0.257977539772417
-0.406	-0.225648360730098	-0.21212981351173
-0.404	-0.177334567117483	-0.166116991530639
-0.402	-0.128863215444012	-0.119945066930734
-0.4	-0.0802419295602765	-0.0736200738455905
-0.398	-0.0314783660382161	-0.0271480865374438
-0.396	0.0174197877824791	0.0194647815157637
-0.394	0.0664448157496116	0.0662123785427444
-0.392	0.115588974854547	0.113088515410546
-0.39	0.164844497188256	0.160086966565327
-0.388	0.214203591896521	0.20720147098214
-0.386	0.263658447133461	0.254425733123481
-0.384	0.313201232012572	0.301753423906526
-0.382	0.362824098554459	0.349178181678808
-0.38	0.412519183630464	0.396693613202233
-0.378	0.462278610901376	0.444293294645215
-0.376	0.512094492750444	0.491970772582798
-0.374	0.56195893220989	0.539719565004549
-0.372	0.611864024880165	0.587533162330092
-0.37	0.66180186084117	0.635405028432057
-0.368	0.711764526554679	0.683328601666309
-0.366	0.761744106757222	0.731297295909231
-0.364	0.811732686342687	0.779304501601923
-0.362	0.861722352233903	0.827343586801078
-0.36	0.911705195242501	0.875407898236409
-0.358	0.961673311916337	0.92349076237437
-0.356	1.01161880637378	0.971585486488047
-0.354	1.06153379212418	1.01968535973296
-0.352	1.11141039387389	1.06778365422866
-0.35	1.16124074931705	1.11587362614582
-0.348	1.2110170109107	1.16394851679872
-0.346	1.2607313476334	1.21200155374291
-0.344	1.31037594672684	1.26002595187776
-0.342	1.35994301541979	1.30801491455383
-0.34	1.40942478263384	1.35596163468477
-0.338	1.45881350067035	1.4038592958635
-0.336	1.50810144687803	1.45170107348266
-0.334	1.5572809253006	1.49948013585888
-0.332	1.60634426830403	1.54718964536078
-0.33	1.6552838381829	1.59482275954057
-0.328	1.70409202874521	1.64237263226884
-0.326	1.75276126687539	1.68983241487248
-0.324	1.80128401407485	1.73719525727552
-0.322	1.84965276797978	1.78445430914255
-0.32	1.89786006385567	1.83160272102466
-0.318	1.94589847606812	1.87863364550753
-0.316	1.99376061952975	1.92554023836159
-0.314	2.0414391511225	1.97231565969396
-0.312	2.08892677109526	2.01895307510193
-0.31	2.13621622443639	2.06544565682788
-0.308	2.18330030222072	2.11178658491517
-0.306	2.23017184293085	2.15796904836514
-0.304	2.27682373375238	2.20398624629467
-0.302	2.32324891184294	2.24983138909421
-0.3	2.36944036557452	2.29549769958614
-0.298	2.41539113574914	2.34097841418306
-0.296	2.46109431678746	2.38626678404595
-0.294	2.50654305789024	2.43135607624184
-0.292	2.55173056417246	2.47623957490087
-0.29	2.59665009776983	2.52091058237247
-0.288	2.64129497891777	2.56536242038046
-0.286	2.6856585870025	2.60958843117674
-0.284	2.72973436158434	2.65358197869356
-0.282	2.77351580339297	2.69733644969388
-0.28	2.81699647529478	2.74084525491987
-0.278	2.86017000323197	2.78410183023903
-0.276	2.90303007713374	2.82709963778799
-0.274	2.94557045179922	2.86983216711355
-0.272	2.98778494775238	2.91229293631089
-0.27	3.0296674520688	2.95447549315856
-0.268	3.07121191917442	2.9963734162502
-0.266	3.11241237161633	3.03798031612266
-0.264	3.1532629008056	3.07928983638031
-0.262	3.19375766773235	3.12029565481535
-0.26	3.23389090365305	3.1609914845238
-0.258	3.27365691075029	3.20137107501719
-0.256	3.31305006276511	3.24142821332936
-0.254	3.35206480560199	3.28115672511845
-0.252	3.39069565790683	3.32055047576382
-0.25	3.42893721161789	3.35960337145747
-0.248	3.46678413249013	3.39830936029
-0.246	3.50423116059299	3.43666243333074
-0.244	3.54127311078192	3.47465662570189
-0.242	3.5779048731439	3.51228601764642
-0.24	3.61412141341719	3.54954473558954
-0.238	3.64991777338567	3.58642695319351
-0.236	3.68528907124787	3.62292689240558
-0.234	3.72023050196128	3.65903882449887
-0.232	3.75473733756194	3.69475707110594
-0.23	3.78880492745985	3.73007600524485
-0.228	3.8224286987105	3.76499005233754
-0.226	3.85560415626284	3.79949369122023
-0.224	3.88832688318398	3.83358145514581
-0.222	3.92059254086119	3.86724793277775
-0.22	3.9523968691814	3.9004877691756
-0.218	3.98373568668865	3.93329566677168
-0.216	4.01460489071993	3.96566638633887
-0.214	4.04500045751979	3.99759474794928
-0.212	4.07491844233412	4.02907563192351
-0.21	4.10435497948357	4.06010397977046
-0.208	4.13330628241705	4.09067479511739
-0.206	4.16176864374569	4.12078314463006
-0.204	4.18973843525778	4.15042415892275
-0.202	4.21721210791512	4.17959303345804
-0.2	4.24418619183129	4.20828502943603
-0.198	4.27065729623217	4.23649547467296
-0.196	4.29662210939938	4.26421976446893
-0.194	4.32207739859698	4.29145336246465
-0.192	4.347020009982	4.3181918014869
-0.19	4.37144686849916	4.34443068438266
-0.188	4.39535497776048	4.37016568484169
-0.186	4.41874141991006	4.39539254820732
-0.184	4.44160335547468	4.42010709227537
-0.182	4.46393802320064	4.44430520808104
-0.18	4.4857427398774	4.46798286067341
-0.178	4.50701490014844	4.49113608987777
-0.176	4.52775197630993	4.51376101104516
-0.174	4.54795151809771	4.53585381578934
-0.172	4.56761115246297	4.55741077271082
-0.17	4.58672858333732	4.57842822810786
-0.168	4.60530159138756	4.59890260667428
-0.166	4.62332803376084	4.61883041218399
-0.164	4.64080584382053	4.63820822816196
-0.162	4.65773303087344	4.65703271854163
-0.16	4.67410767988883	4.67530062830854
-0.158	4.68992795120965	4.69300878413005
-0.156	4.70519208025661	4.71015409497102
-0.154	4.71989837722551	4.72673355269531
-0.152	4.73404522677825	4.74274423265306
-0.15	4.74763108772811	4.75818329425341
-0.148	4.76065449271973	4.77304798152275
-0.146	4.77311404790417	4.78733562364833
-0.144	4.78500843260968	4.80104363550697
-0.142	4.79633639900849	4.81416951817898
-0.14	4.80709677178007	4.82671085944693
-0.138	4.81728844777149	4.83866533427945
-0.136	4.82691039565503	4.85003070529964
-0.134	4.83596165558367	4.86080482323821
-0.132	4.84444133884488	4.8709856273712
-0.13	4.85234862751293	4.88057114594211
-0.128	4.85968277410037	4.88955949656844
-0.126	4.8664431012089	4.89794888663244
-0.124	4.87262900118011	4.90573761365615
-0.122	4.87823993574636	4.91292406566042
-0.12	4.88327543568234	4.91950672150804
-0.118	4.88773510045746	4.92548415123079
-0.116	4.89161859788954	4.93085501634032
-0.114	4.8949256638002	4.93561807012289
-0.112	4.89765610167203	4.93977215791775
-0.11	4.89980978230815	4.94331621737922
-0.108	4.90138664349429	4.94624927872244
-0.106	4.90238668966362	4.94857046495248
-0.104	4.90280999156487	4.95027899207715
-0.102	4.90265668593372	4.95137416930304
-0.1	4.90192697516792	4.95185539921506
-0.098	4.90062112700624	4.95172217793931
-0.096	4.89873947421164	4.95097409528918
-0.094	4.89628241425872	4.94961083489474
-0.092	4.89325040902579	4.94763217431541
-0.09	4.88964398449165	4.94503798513566
-0.088	4.88546373043739	4.94182823304405
-0.086	4.88071030015324	4.93800297789527
-0.084	4.87538441015071	4.93356237375539
-0.082	4.86948683988021	4.92850666893007
-0.08	4.86301843145414	4.92283620597603
-0.078	4.85598008937577	4.91655142169542
-0.076	4.84837278027377	4.90965284711337
-0.074	4.84019753264275	4.90214110743851
-0.072	4.83145543658972	4.89401692200659
-0.07	4.82214764358654	4.88528110420718
-0.0679999999999999	4.81227536622855	4.87593456139337
-0.0659999999999999	4.80183987799924	4.86597829477456
-0.0639999999999999	4.79084251304118	4.85541339929241
-0.0620000000000001	4.77928466593306	4.84424106347979
-0.0600000000000001	4.76716779147299	4.8324625693029
-0.0580000000000001	4.75449340446792	4.82007929198658
-0.056	4.74126307952925	4.80709269982267
-0.054	4.72747845087462	4.79350435396173
-0.052	4.71314121213572	4.77931590818787
-0.05	4.69825311617215	4.76452910867692
-0.048	4.6828159748913	4.7491457937379
-0.046	4.66683165907406	4.73316789353786
-0.044	4.6503020982063	4.71659742981011
-0.042	4.63322928031616	4.6994365155459
-0.04	4.61561525181673	4.68168735466967
-0.038	4.59746211735438	4.66335224169778
-0.036	4.57877203966222	4.64443356138097
-0.034	4.55954723941883	4.62493378833046
-0.032	4.53978999511199	4.60485548662777
-0.03	4.51950264290716	4.58420130941854
-0.028	4.49868757652069	4.56297399849005
-0.026	4.47734724709748	4.54117638383287
-0.024	4.45548416309286	4.51881138318656
-0.022	4.43310089015854	4.49588200156948
-0.02	4.41020005103242	4.47239133079287
-0.018	4.38678432543194	4.44834254895926
-0.016	4.36285644995088	4.42373891994534
-0.014	4.33841921795916	4.39858379286929
-0.012	4.31347547950561	4.37288060154276
-0.01	4.28802814122332	4.34663286390764
-0.00800000000000001	4.26208016623723	4.31984418145757
-0.00600000000000001	4.2356345740739	4.29251823864448
-0.004	4.20869444057296	4.26465880227011
-0.002	4.18126289780008	4.2362697208628
0	4.15334313396104	4.20735492403948
0.002	4.1249383933168	4.17791842185317
0.004	4.09605197609899	4.14796430412591
0.00600000000000001	4.06668723842573	4.11749673976752
0.00800000000000001	4.03684759221733	4.08651997607999
0.01	4.00653650511163	4.05503833804792
0.012	3.97575750037852	4.023056227615
0.014	3.94451415683343	3.99057812294671
0.016	3.91281010874947	3.95760857767937
0.018	3.88064904576763	3.92415222015568
0.02	3.84803471280508	3.89021375264693
0.022	3.81497090996088	3.85579795056203
0.024	3.78146149241889	3.82090966164343
0.026	3.74751037034759	3.78555380515021
0.028	3.71312150879624	3.74973537102842
0.03	3.67829892758733	3.71345941906885
0.032	3.64304670120461	3.6767310780524
0.034	3.60736895867667	3.63955554488319
0.036	3.57126988345541	3.60193808370967
0.038	3.53475371328928	3.56388402503371
0.04	3.49782474009082	3.52539876480809
0.042	3.46048730979807	3.4864877635224
0.044	3.42274582222965	3.44715654527752
0.046	3.38460473093302	3.40741069684899
0.048	3.34606854302562	3.36725586673933
0.05	3.30714181902852	3.32669776421953
0.052	3.26782917269218	3.28574215836
0.054	3.2281352708141	3.24439487705091
0.056	3.18806483304787	3.20266180601245
0.0580000000000001	3.14762263170328	3.16054888779495
0.0600000000000001	3.10681349153729	3.11806212076912
0.0620000000000001	3.06564228953536	3.07520755810668
0.0640000000000001	3.02411395468289	3.03199130675151
0.0660000000000001	2.98223346772636	2.9884195263815
0.0680000000000001	2.94000586092404	2.94449842836144
0.0700000000000001	2.89743621778564	2.90023427468689
0.0720000000000001	2.85452967280086	2.85563337691958
0.0740000000000001	2.81129141115641	2.8107020951143
0.0760000000000001	2.76772666844117	2.76544683673748
0.0780000000000001	2.72384073033926	2.71987405557791
0.0800000000000001	2.67963893231066	2.67399025064955
0.0820000000000001	2.63512665925921	2.62780196508677
0.0840000000000001	2.59030934518752	2.58131578503223
0.0860000000000001	2.54519247283875	2.53453833851762
0.0880000000000001	2.49978157332475	2.48747629433743
0.0900000000000001	2.45408222574054	2.44013636091605
0.0920000000000001	2.40810005676471	2.39252528516831
0.0940000000000001	2.36184074024557	2.34464985135383
0.0960000000000001	2.31530999677282	2.29651687992528
0.0980000000000001	2.26851359323451	2.24813322637079
0.1	2.22145734235902	2.19950578005083
0.102	2.174147102242	2.15064146302971
0.104	2.12658877585786	2.10154722890185
0.106	2.07878831055584	2.05223006161328
0.108	2.03075169754034	2.00269697427838
0.11	1.98248497133538	1.95295500799214
0.112	1.93399420923304	1.90301123063828
0.114	1.88528553072577	1.85287273569333
0.116	1.83636509692232	1.80254664102698
0.118	1.7872391099473	1.7520400876989
0.12	1.73791381232414	1.70136023875229
0.122	1.68839548634146	1.65051427800433
0.124	1.6386904534026	1.59950940883389
0.126	1.58880507335836	1.54835285296662
0.128	1.53874574382285	1.49705184925763
0.13	1.48851889947233	1.44561365247224
0.132	1.43813101132703	1.39404553206463
0.134	1.38758858601593	1.34235477095505
0.136	1.33689816502445	1.2905486643055
0.138	1.28606632392495	1.23863451829434
0.14	1.23509967159027	1.18661964888987
0.142	1.18400484938998	1.13451138062336
0.144	1.13278853036972	1.08231704536148
0.146	1.08145741841328	1.03004398107863
0.148	1.03001824738787	0.977699530629244
0.15	0.978477780272226	0.925291040520328
0.152	0.926842808267936	0.872825859684545
0.154	0.875120149893879	0.820311338253995
0.156	0.823316650063939	0.767754826334966
0.158	0.771439179148049	0.715163672783885
0.16	0.719494632016725	0.66254522398471
0.162	0.667489927069161	0.609906822627981
0.164	0.615432005245053	0.557255806491778
0.166	0.563327829020283	0.504599507224807
0.168	0.51118438138661	0.451945249131864
0.17	0.459008664815552	0.399300347961885
0.172	0.406807700206629	0.346672109698828
0.174	0.354588525820149	0.294067829355619
0.176	0.302358196194749	0.241494789771374
0.178	0.250123781049894	0.188960260412149
0.18	0.197892364173563	0.136471496175421
0.182	0.145671042295345	0.0840357361985421
0.184	0.0934669239451921	0.0316602026713889
0.186	0.0412871282980953	-0.0206479003465746
0.188	-0.0108612159950796	-0.0728813881045928
0.19	-0.0629709719902894	-0.125033096334053
0.192	-0.115034995646291	-0.177095882416839
0.194	-0.167046137033577	-0.22906262654838
0.196	-0.218997241555991	-0.280926232895191
0.198	-0.270881151184684	-0.332679630746665
0.2	-0.322690705704112	-0.384315775660928
0.202	-0.374418743969721	-0.435827650604524
0.204	-0.426058105177003	-0.487208267085729
0.206	-0.477601630141539	-0.538450666281277
0.208	-0.52904216258971	-0.589547920156298
0.21	-0.580372550459667	-0.640493132577247
0.212	-0.631585647212223	-0.691279440417638
0.214	-0.682674313151253	-0.74190001465636
0.216	-0.73363141675322	-0.792348061468384
0.218	-0.784449836005444	-0.842616823307662
0.22	-0.835122459752672	-0.892699579982014
0.222	-0.885642189051567	-0.942589649719809
0.224	-0.936001938532678	-0.992280390228254
0.226	-0.986194637769465	-1.04176519974307
0.228	-1.03621323265395	-1.09103751806943
0.23	-1.08605068677855	-1.14009082761387
0.232	-1.13569998282361	-1.18891865440707
0.234	-1.18515412395031	-1.23751456911731
0.236	-1.23440613519823	-1.28587218805441
0.238	-1.28344906488749	-1.33398517416391
0.24	-1.33227598602453	-1.38184723801142
0.242	-1.38087999771154	-1.42945213875692
0.244	-1.42925422655865	-1.47679368511881
0.246	-1.47739182809867	-1.52386573632758
0.248	-1.52528598820374	-1.57066220306889
0.25	-1.5729299245035	-1.61717704841597
0.252	-1.62031688780421	-1.66340428875104
0.254	-1.66744016350834	-1.7093379946758
0.256	-1.71429307303419	-1.75497229191057
0.258	-1.76086897523492	-1.80030136218217
0.26	-1.80716126781662	-1.84531944410022
0.262	-1.85316338875479	-1.89002083402182
0.264	-1.89886881770878	-1.93439988690434
0.266	-1.94427107743373	-1.97845101714627
0.268	-1.98936373518932	-2.02216869941605
0.27	-2.03414040414507	-2.06554746946853
0.272	-2.07859474478142	-2.10858192494908
0.274	-2.12272046628625	-2.15126672618526
0.276	-2.16651132794628	-2.19359659696575
0.278	-2.20996114053277	-2.23556632530652
0.28	-2.25306376768106	-2.27717076420417
0.282	-2.29581312726349	-2.31840483237611
0.284	-2.33820319275502	-2.35926351498774
0.286	-2.38022799459122	-2.39974186436627
0.288	-2.42188162151802	-2.43983500070118
0.29	-2.46315822193267	-2.47953811273123
0.292	-2.5040520052155	-2.51884645841785
0.294	-2.54455724305196	-2.55775536560478
0.296	-2.58466827074431	-2.59626023266401
0.298	-2.62437948851263	-2.63435652912772
0.3	-2.66368536278455	-2.67203979630628
0.302	-2.70258042747316	-2.70930564789212
0.304	-2.7410592852428	-2.74614977054944
0.306	-2.77911660876196	-2.78256792448965
0.308	-2.81674714194307	-2.81855594403246
0.31	-2.85394570116852	-2.8541097381525
0.312	-2.89070717650253	-2.88922529101144
0.314	-2.92702653288832	-2.92389866247561
0.316	-2.96289881133021	-2.9581259886188
0.318	-2.99831913006005	-2.99190348221049
0.32	-3.03328268568768	-3.02522743318916
0.322	-3.06778475433487	-3.05809420912086
0.324	-3.10182069275225	-3.09050025564278
0.326	-3.13538593941896	-3.12244209689191
0.328	-3.16847601562434	-3.1539163359186
0.33	-3.20108652653153	-3.18491965508519
0.332	-3.2332131622222	-3.21544881644936
0.334	-3.26485169872239	-3.24550066213243
0.336	-3.29599799900868	-3.27507211467244
0.338	-3.32664801399456	-3.30416017736196
0.34	-3.35679778349649	-3.33276193457069
0.342	-3.38644343717919	-3.36087455205269
0.344	-3.41558119548002	-3.38849527723836
0.346	-3.44420737051177	-3.41562143951098
0.348	-3.47231836694373	-3.44225045046801
0.35	-3.49991068286066	-3.46837980416685
0.352	-3.52698091059908	-3.49400707735534
0.354	-3.55352573756093	-3.51912992968672
0.356	-3.5795419470039	-3.54374610391931
0.358	-3.60502641880837	-3.56785342610062
0.36	-3.62997613022045	-3.59144980573615
0.362	-3.65438815657103	-3.6145332359427
0.364	-3.67825967197028	-3.63710179358631
0.366	-3.70158794997762	-3.65915363940474
0.368	-3.72437036424658	-3.68068701811456
0.37	-3.74660438914453	-3.70170025850291
0.372	-3.7682876003469	-3.72219177350384
0.374	-3.78941767540559	-3.74216006025929
0.376	-3.80999239429155	-3.76160370016481
0.378	-3.83000963991102	-3.78052135889993
0.38	-3.84946739859546	-3.79891178644329
0.382	-3.86836376056477	-3.81677381707254
0.384	-3.88669692036378	-3.834106369349
0.386	-3.90446517727165	-3.85090844608724
0.388	-3.92166693568414	-3.86717913430948
0.39	-3.9383007054685	-3.88291760518495
0.392	-3.95436510229092	-3.89812311395421
0.394	-3.9698588479162	-3.91279499983854
0.396	-3.98478077047982	-3.92693268593433
0.398	-3.99912980473192	-3.94053567909272
0.4	-4.01290499225339	-3.95360356978438
0.402	-4.0261054816438	-3.96613603194949
0.404	-4.03873052868106	-3.97813282283322
0.406	-4.0507794964529	-3.98959378280643
0.408	-4.06225185545989	-4.00051883517194
0.41	-4.07314718369007	-4.01090798595632
0.412	-4.08346516666514	-4.02076132368729
0.414	-4.09320559745805	-4.03007901915684
0.416	-4.10236837668219	-4.0388613251701
0.418	-4.11095351245191	-4.04710857628012
0.42	-4.11896112031452	-4.05482118850856
0.422	-4.12639142315378	-4.06199965905249
0.424	-4.1332447510648	-4.06864456597724
0.426	-4.13952154120047	-4.07475656789556
0.428	-4.14522233758941	-4.0803364036331
0.43	-4.15034779092545	-4.08538489188028
0.432	-4.15489865832886	-4.08990293083077
0.434	-4.15887580307918	-4.09389149780654
0.436	-4.16228019431989	-4.09735164886972
0.438	-4.16511290673495	-4.1002845184213
0.44	-4.16737512019733	-4.10269131878679
0.442	-4.16906811938961	-4.10457333978902
0.444	-4.17019329339679	-4.10593194830807
0.446	-4.17075213527152	-4.10676858782865
0.448	-4.1707462415717	-4.10708477797481
0.45	-4.1701773118708	-4.10688211403231
0.452	-4.169047148241	-4.10616226645865
0.454	-4.16735765470922	-4.10492698038095
0.456	-4.16511083668639	-4.10317807508184
0.458	-4.16230880037005	-4.10091744347336
0.46	-4.15895375212046	-4.09814705155916
0.462	-4.15504799781053	-4.09486893788505
0.464	-4.15059394214971	-4.09108521297807
0.466	-4.14559408798208	-4.08679805877423
0.468	-4.14005103555889	-4.08200972803498
0.47	-4.13396748178585	-4.07672254375273
0.472	-4.12734621944531	-4.07093889854535
0.474	-4.12019013639373	-4.06466125404
0.476	-4.11250221473458	-4.05789214024627
0.478	-4.10428552996708	-4.05063415491893
0.48	-4.09554325011097	-4.04288996291035
0.482	-4.08627863480769	-4.03466229551276
0.484	-4.07649503439823	-4.02595394979053
0.486	-4.06619588897793	-4.01676778790264
0.488	-4.05538472742873	-4.00710673641544
0.49	-4.04406516642888	-3.99697378560595
0.492	-4.03224090944085	-3.98637198875577
0.494	-4.01991574567743	-3.97530446143585
0.496	-4.00709354904658	-3.96377438078225
0.498	-3.99377827707537	-3.95178498476297
0.5	-3.97997396981327	-3.93933957143628
0.502	-3.96568474871529	-3.92644149820033
0.504	-3.95091481550528	-3.91309418103464
0.506	-3.93566845101983	-3.89930109373325
0.508	-3.91995001403309	-3.88506576713003
0.51	-3.90376394006299	-3.87039178831605
0.512	-3.8871147401592	-3.85528279984943
0.514	-3.87000699967327	-3.8397424989577
0.516	-3.85244537701144	-3.8237746367328
0.518	-3.83443460237037	-3.8073830173191
0.52	-3.81597947645639	-3.79057149709445
0.522	-3.79708486918862	-3.77334398384448
0.524	-3.7777557183864	-3.75570443593035
0.526	-3.7579970284415	-3.73765686145014
0.528	-3.73781386897554	-3.71920531739405
0.53	-3.71721137348305	-3.70035390879358
0.532	-3.69619473796074	-3.68110678786489
0.534	-3.67476921952317	-3.66146815314655
0.536	-3.65294013500571	-3.64144224863179
0.538	-3.63071285955477	-3.62103336289552
0.54	-3.60809282520615	-3.60024582821629
0.542	-3.58508551945185	-3.57908401969332
0.544	-3.56169648379571	-3.55755235435882
0.546	-3.53793131229855	-3.53565529028585
0.548	-3.51379565011318	-3.51339732569182
0.55	-3.48929519200971	-3.49078299803783
0.552	-3.46443568089188	-3.46781688312409
0.554	-3.43922290630453	-3.44450359418159
0.556	-3.4136627029331	-3.42084778096017
0.558	-3.38776094909531	-3.39685412881319
0.56	-3.36152356522579	-3.37252735777908
0.562	-3.33495651235389	-3.34787222165983
0.564	-3.30806579057539	-3.32289350709663
0.566	-3.2808574375185	-3.29759603264299
0.568	-3.25333752680465	-3.27198464783533
0.57	-3.22551216650455	-3.24606423226133
0.572	-3.1973874975901	-3.21983969462632
0.574	-3.16896969238252	-3.19331597181763
0.576	-3.14026495299733	-3.16649802796739
0.578	-3.11127950978658	-3.13939085351383
0.58	-3.08201961977884	-3.11199946426116
0.582	-3.0524915651175	-3.08432890043847
0.584	-3.02270165149779	-3.05638422575759
0.586	-2.99265620660312	-3.02817052647025
0.588	-2.96236157854106	-2.99969291042468
0.59	-2.93182413427971	-2.97095650612181
0.592	-2.90105025808462	-2.94196646177129
0.594	-2.87004634995707	-2.91272794434752
0.596	-2.83881882407394	-2.88324613864579
0.598	-2.80737410722985	-2.85352624633884
0.6	-2.77571863728184	-2.82357348503397
0.602	-2.74385886159726	-2.79339308733076
0.604	-2.71180123550527	-2.76299029987987
0.606	-2.67955222075237	-2.73237038244269
0.608	-2.64711828396248	-2.7015386069525
0.61	-2.61450589510204	-2.67050025657683
0.612	-2.58172152595059	-2.63926062478159
0.614	-2.54877164857726	-2.60782501439694
0.616	-2.5156627338236	-2.57619873668507
0.618	-2.48240124979328	-2.5443871104102
0.62	-2.44899366034907	-2.51239546091085
0.622	-2.41544642361749	-2.48022911917453
0.624	-2.38176599050162	-2.44789342091518
0.626	-2.34795880320253	-2.41539370565339
0.628	-2.31403129374965	-2.38273531579952
0.63	-2.27998988254059	-2.34992359574015
0.632	-2.24584097689088	-2.31696389092764
0.634	-2.21159096959383	-2.28386154697334
0.636	-2.17724623749115	-2.25062190874433
0.638	-2.14281314005465	-2.21725031946405
0.64	-2.10829801797929	-2.1837521198168
0.642	-2.0737071917882	-2.15013264705644
0.644	-2.03904696044989	-2.11639723411932
0.646	-2.004323600008	-2.08255120874169
0.648	-1.96954336222419	-2.04859989258163
0.65	-1.93471247323421	-2.01454860034579
0.652	-1.8998371322178	-1.98040263892096
0.654	-1.86492351008258	-1.9461673065107
0.656	-1.82997774816239	-1.9118478917772
0.658	-1.79500595693036	-1.87744967298837
0.66	-1.76001421472704	-1.84297791717051
0.662	-1.72500856650399	-1.80843787926653
0.664	-1.68999502258304	-1.77383480129997
0.666	-1.6549795574316	-1.73917391154486
0.668	-1.61996810845433	-1.70446042370168
0.67	-1.58496657480148	-1.66969953607944
0.672	-1.54998081619404	-1.63489643078409
0.674	-1.51501665176624	-1.60005627291334
0.676	-1.4800798589255	-1.56518420975807
0.678	-1.44517617223005	-1.53028537001039
0.68	-1.41031128228472	-1.49536486297857
0.682	-1.37549083465485	-1.46042777780885
0.684	-1.34072042879882	-1.42547918271436
0.686	-1.30600561701929	-1.3905241242112
0.688	-1.27135190343343	-1.35556762636182
0.69	-1.23676474296235	-1.32061469002583
0.692	-1.20224954033994	-1.2856702921183
0.694	-1.16781164914135	-1.25073938487576
0.696	-1.13345637083132	-1.21582689512989
0.698	-1.09918895383241	-1.18093772358913
0.7	-1.06501459261357	-1.14607674412818
0.702	-1.03093842679894	-1.11124880308565
0.704	-0.996965540297323	-1.07645871856982
0.706	-0.963100960452172	-1.04171127977269
0.708	-0.92934965721258	-1.00701124629236
0.71	-0.895716542325145	-0.972363347463986
0.712	-0.862206468546981	-0.937772281699102
0.714	-0.828824228879963	-0.903242715833761
0.716	-0.795574555826313	-0.868779284485314
0.718	-0.76246212066565	-0.834386589418029
0.72	-0.729491532753602	-0.800069198917615
0.722	-0.696667338842057	-0.765831647174728
0.724	-0.66399402242116	-0.731678433677547
0.726	-0.631476003083101	-0.697614022613482
0.728	-0.599117635907798	-0.663642842280102
0.73	-0.566923210870493	-0.629769284505356
0.732	-0.534896952271345	-0.595997704077152
0.734	-0.503043018187044	-0.562332418182361
0.736	-0.471365499944489	-0.528777705855318
0.738	-0.439868421616543	-0.495337807435881
0.74	-0.40855573953991	-0.462016924037117
0.742	-0.377431341855111	-0.428819217022652
0.744	-0.346499048068583	-0.395748807493767
0.746	-0.315762608636898	-0.362809775786289
0.748	-0.285225704573067	-0.330006160977317
0.75	-0.254891947074934	-0.297341960401845
0.752	-0.224764877175609	-0.264821129179327
0.754	-0.194847965415921	-0.232447579750227
0.756	-0.165144611538833	-0.200225181422605
0.758	-0.135658144205779	-0.168157759928771
0.76	-0.106391820734851	-0.136249096992042
0.762	-0.0773488268607848	-0.104502929903662
0.764	-0.0485322765166542	-0.0729229511098896
0.766	-0.0199452116372056	-0.0415128078093087
0.768	0.00840939801626164	-0.0102761015603674
0.77	0.0365286550095634	0.0207836121007969
0.772	0.0644097343679529	0.051662824032243
0.774	0.0920498836871986	0.0823580718477958
0.776	0.119446423223543	0.112865940268278
0.778	0.146596745962661	0.143183061462381
0.78	0.173498317667746	0.173306115377156
0.782	0.200148676906868	0.203231830058134
0.784	0.226545435059729	0.232956981959035
0.786	0.252686276303992	0.262478396241072
0.788	0.278568957581314	0.291792947061831
0.79	0.304191308543256	0.320897557853745
0.792	0.329551231477237	0.349789201592137
0.794	0.354646701212704	0.378464901052832
0.796	0.3794757650077	0.406921729059354
0.798	0.404036542416016	0.435156808719697
0.8	0.428327225135107	0.463167313652696
0.802	0.452346076834985	0.49095046820397
0.804	0.476091432968279	0.51850354765149
0.806	0.499561700561679	0.545823878400741
0.808	0.522755357988955	0.572908838169546
0.81	0.545670954725804	0.599755856162505
0.812	0.568307111086705	0.626362413235107
0.814	0.590662517944052	0.652726042047548
0.816	0.612735936429756	0.678844327208231
0.818	0.634526197619581	0.704714905407008
0.82	0.656032202200444	0.730335465538187
0.822	0.677252920120926	0.755703748813311
0.824	0.698187390225233	0.780817548863776
0.826	0.718834719870879	0.805674711833283
0.828	0.739194084530333	0.830273136460172
0.83	0.759264727376892	0.854610774149699
0.832	0.779045958855054	0.878685629036245
0.834	0.798537156235646	0.902495758035546
0.836	0.817737763155991	0.92603927088695
0.838	0.83664728914537	0.949314330185762
0.84	0.855265309136085	0.97231915140573
0.842	0.873591462960368	0.995052002911702
0.844	0.891625454833452	1.0175112059625
0.846	0.909367052823071	1.03969513470408
0.848	0.926816088305673	1.06160221615307
0.85	0.943972455409665	1.08323093017059
0.852	0.960836110445941	1.1045798094266
0.854	0.97740707132603	1.12564743935475
0.856	0.993685416968133	1.14643245809772
0.858	1.00967128669136	1.16693355644327
0.86	1.02536487959845	1.18714947775088
0.862	1.04076645394733	1.20707901786923
0.864	1.05587632651175	1.22672102504445
0.866	1.0706948719313	1.24607439981924
0.868	1.08522252205122	1.26513809492295
0.87	1.09945976525214	1.28391111515273
0.872	1.11340714577026	1.3023925172457
0.874	1.12706526300805	1.32058140974236
0.876	1.14043477083599	1.33847695284115
0.878	1.15351637688556	1.35607835824448
0.88	1.16631084183374	1.37338488899598
0.882	1.17881897867947	1.39039585930936
0.884	1.19104165201225	1.40711063438878
0.886	1.20297977727329	1.42352863024087
0.888	1.21463432000944	1.43964931347844
0.89	1.22600629512023	1.45547220111608
0.892	1.23709676609841	1.47099686035753
0.894	1.24790684426421	1.48622290837518
0.896	1.25843768799359	1.5011500120815
0.898	1.26869050194098	1.51577788789273
0.9	1.27866653625657	1.53010630148474
0.902	1.2883670857987	1.54413506754131
0.904	1.29779348934138	1.55786404949481
0.906	1.30694712877757	1.57129315925935
0.908	1.31582942831824	1.58442235695666
0.91	1.32444185368763	1.59725165063462
0.912	1.33278591131509	1.60978109597859
0.914	1.34086314752358	1.62201079601571
0.916	1.34867514771541	1.63394090081219
0.918	1.35622353555523	1.64557160716368
0.92	1.36350997215077	1.65690315827889
0.922	1.37053615523157	1.66793584345651
0.924	1.37730381832588	1.67866999775556
0.926	1.3838147299362	1.6891060016592
0.928	1.39007069271357	1.69924428073226
0.93	1.39607354263105	1.7090853052724
0.932	1.4018251481565	1.71862958995518
0.934	1.40732740942512	1.72787769347298
0.936	1.41258225741183	1.73683021816809
0.938	1.41759165310395	1.74548780965982
0.94	1.42235758667433	1.75385115646594
0.942	1.42688207665518	1.7619209896185
0.944	1.43116716911298	1.76969808227404
0.946	1.43521493682462	1.77718324931853
0.948	1.43902747845504	1.78437734696685
0.95	1.4426069177367	1.7912812723572
0.952	1.445955402651	1.79789596314034
0.954	1.44907510461208	1.8042223970639
0.956	1.45196821765302	1.81026159155184
0.958	1.45463695761482	1.81601460327915
0.96	1.45708356133846	1.82148252774186
0.962	1.45931028586004	1.82666649882264
0.964	1.46131940760944	1.83156768835189
0.966	1.46311322161269	1.83618730566456
0.968	1.46469404069812	1.84052659715284
0.97	1.46606419470675	1.84458684581468
0.972	1.46722602970689	1.84836937079843
0.974	1.46818190721331	1.85187552694365
0.976	1.4689342034112	1.85510670431808
0.978	1.46948530838496	1.85806432775115
0.98	1.46983762535222	1.86074985636387
0.982	1.4699935699031	1.86316478309538
0.984	1.46995556924506	1.86531063422623
0.986	1.4697260614534	1.86718896889852
0.988	1.46930749472764	1.86880137863291
0.99	1.46870232665396	1.87014948684285
0.992	1.46791302347388	1.87123494834582
0.994	1.46694205935929	1.87205944887203
0.996	1.46579191569409	1.87262470457043
0.998	1.46446508036249	1.87293246151227
