-1	-10.6408696098774	-10.1800432417355
-0.998	-10.6160028208813	-10.2688659079099
-0.996	-10.5889452533396	-10.3567932281147
-0.994	-10.5596882627456	-10.4438048704258
-0.992	-10.5282237143086	-10.5298805273873
-0.99	-10.4945439873704	-10.6149999199559
-0.988	-10.4586419796534	-10.6991428014634
-0.986	-10.4205111113372	-10.7822889615978
-0.984	-10.3801453289627	-10.8644182304035
-0.982	-10.3375391091609	-10.9455104822967
-0.98	-10.2926874622049	-11.0255456400987
-0.978	-10.2455859353835	-11.1045036790838
-0.976	-10.1962306161944	-11.1823646310423
-0.974	-10.1446181353554	-11.2591085883579
-0.972	-10.0907456696326	-11.3347157080979
-0.97	-10.0346109444834	-11.4091662161163
-0.968	-9.97621223651337	-11.4824404111679
-0.966	-9.91554837574613	-11.5545186690345
-0.964	-9.8526187477041	-11.6253814466599
-0.962	-9.78742329530008	-11.6950092862954
-0.96	-9.71996252053816	-11.7633828196529
-0.958	-9.65023748602301	-11.8304827720661
-0.956	-9.57824981627718	-11.8962899666582
-0.954	-9.50400169886535	-11.9607853285165
-0.952	-9.42749588532508	-12.0239498888705
-0.95	-9.34873569190366	-12.0857647892764
-0.948	-9.26772500010046	-12.146211285803
-0.946	-9.18446825701467	-12.2052707532218
-0.944	-9.09897047549809	-12.2629246891977
-0.942	-9.01123723411298	-12.3191547184815
-0.94	-8.9212746768948	-12.3739425971016
-0.938	-8.82908951292012	-12.4272702165553
-0.936	-8.73468901567973	-12.4791196079979
-0.934	-8.63808102225729	-12.5294729464296
-0.932	-8.53927393231385	-12.5783125548785
-0.93	-8.43827670687888	-12.6256209085792
-0.928	-8.33509886694808	-12.6713806391458
-0.926	-8.22975049188888	-12.7155745387395
-0.924	-8.12224221765436	-12.7581855642275
-0.922	-8.01258523480631	-12.7991968413353
-0.92	-7.90079128634851	-12.8385916687889
-0.918	-7.7868726653712	-12.8763535224476
-0.916	-7.67084221250791	-12.9124660594259
-0.914	-7.55271331320587	-12.9469131222032
-0.912	-7.43249989481131	-12.9796787427212
-0.91	-7.31021642347105	-13.0107471464672
-0.908	-7.18587790085194	-13.0401027565435
-0.906	-7.05949986067962	-13.0677301977205
-0.904	-6.93109836509838	-13.0936143004734
-0.902	-6.8006900008539	-13.1177401050023
-0.9	-6.66829187530057	-13.1400928652328
-0.898	-6.53392161223548	-13.1606580527981
-0.896	-6.39759734756103	-13.1794213610002
-0.894	-6.25933772477826	-13.1963687087511
-0.892	-6.11916189031309	-13.2114862444901
-0.89	-5.97708948867766	-13.2247603500794
-0.888	-5.83314065746926	-13.2361776446752
-0.886	-5.68733602220911	-13.2457249885741
-0.884	-5.53969669102352	-13.2533894870326
-0.882	-5.39024424917003	-13.2591584940613
-0.88	-5.23900075341113	-13.2630196161896
-0.878	-5.08598872623824	-13.2649607162034
-0.876	-4.93123114994878	-13.2649699168513
-0.874	-4.77475146057907	-13.263035604522
-0.872	-4.61657354169606	-13.2591464328881
-0.87	-4.4567217180508	-13.2532913265196
-0.868	-4.29522074909668	-13.2454594844621
-0.866	-4.13209582237546	-13.2356403837815
-0.864	-3.96737254677441	-13.2238237830735
-0.862	-3.80107694565752	-13.2099997259365
-0.86	-3.63323544987418	-13.1941585444077
-0.858	-3.46387489064858	-13.1762908623604
-0.856	-3.29302249235322	-13.1563875988634
-0.854	-3.12070586516978	-13.1344399714997
-0.852	-2.94695299764098	-13.1104394996447
-0.85	-2.77179224911677	-13.0843780077026
-0.848	-2.59525234209842	-13.0562476283001
-0.846	-2.41736235448406	-13.0260408054372
-0.844	-2.23815171171925	-12.9937502975924
-0.842	-2.05765017885621	-12.959369180784
-0.84	-1.87588785252538	-12.9228908515843
-0.838	-1.69289515282298	-12.884309030087
-0.836	-1.50870281511828	-12.8436177628271
-0.834	-1.32334188178432	-12.8008114256514
-0.832	-1.1368436938558	-12.7558847265399
-0.83	-0.949239882618034	-12.7088327083763
-0.828	-0.760562361130578	-12.659650751668
-0.826	-0.570843315689469	-12.6083345772126
-0.824	-0.380115197231952	-12.5548802487131
-0.822	-0.188410712687294	-12.4992841753379
-0.82	0.00423718372222667	-12.441543114227
-0.818	0.197795299226471	-12.3816541729424
-0.816	0.392230211294803	-12.3196148118628
-0.814	0.587508276461852	-12.2554228465209
-0.812	0.783595639187834	-12.1890764498827
-0.81	0.980458240749563	-12.1205741545693
-0.808	1.17806182815834	-12.049914855018
-0.806	1.37637196310088	-11.9770978095846
-0.804	1.57535403089944	-11.9021226425845
-0.802	1.77497324948742	-11.8249893462715
-0.8	1.97519467839655	-11.7456982827558
-0.798	2.17598322775192	-11.6642501858583
-0.796	2.37730366727118	-11.5806461629005
-0.794	2.57912063526406	-11.4948876964318
-0.792	2.78139864762856	-11.4069766458902
-0.79	2.98410210684017	-11.3169152491983
-0.788	3.18719531093038	-11.2247061242921
-0.786	3.39064246245092	-11.1303522705839
-0.784	3.59440767742012	-11.0338570703565
-0.782	3.79845499424783	-10.93522429009
-0.78	4.0027483826354	-10.8344580817188
-0.778	4.20725175244717	-10.7315629838205
-0.776	4.41192896255015	-10.6265439227333
-0.774	4.61674382961835	-10.5194062136037
-0.772	4.82166013689849	-10.4101555613628
-0.77	5.02664164293379	-10.298798061631
-0.768	5.23165209024247	-10.1853402015499
-0.766	5.43665521394788	-10.0697888605423
-0.764	5.64161475035695	-9.95215131099787
-0.762	5.846494445484	-9.83243521888631
-0.76	6.05125806351672	-9.71064864429498
-0.758	6.25586939522136	-9.58680004189273
-0.756	6.4602922662842	-9.46089826131805
-0.754	6.66449054558635	-9.33295254749184
-0.752	6.86842815340918	-9.20297254085413
-0.75	7.07206906956738	-9.07096827752426
-0.748	7.27537734146715	-8.93695018938436
-0.746	7.47831709208682	-8.80092910408555
-0.744	7.68085252787719	-8.66291624497658
-0.742	7.88294794657926	-8.52292323095464
-0.74	8.08456774495679	-8.38096207623777
-0.738	8.28567642644125	-8.23704519005887
-0.736	8.48623860868704	-8.09118537628083
-0.734	8.68621903103446	-7.94339583293241
-0.732	8.88558256187854	-7.79369015166486
-0.73	9.08429420594137	-7.6420823171288
-0.728	9.28231911144609	-7.48858670627124
-0.726	9.47962257719042	-7.33321808755256
-0.724	9.67617005951795	-7.17599162008304
-0.722	9.8719271791853	-7.01692285267902
-0.72	10.0668597281235	-6.85602772283841
-0.718	10.2609336760919	-6.69332255563531
-0.716	10.4541151772226	-6.5288240625338
-0.714	10.6463705764548	-6.36254934012057
-0.712	10.837666415857	-6.1945158687565
-0.71	11.0279694408352	-6.02474151114697
-0.708	11.2172466062267	-5.85324451083087
-0.706	11.4054650822787	-5.68004349058822
-0.704	11.5925922605083	-5.50515745076664
-0.702	11.7785957594455	-5.3286057675261
-0.7	11.963443430257	-5.15040819100263
-0.698	12.1471033622491	-4.97058484339052
-0.696	12.3295438882506	-4.78915621694322
-0.694	12.5107335898738	-4.60614317189314
-0.692	12.6906413026528	-4.42156693429009
-0.69	12.8692361210591	-4.23544909375882
-0.688	13.0464874033939	-4.04781160117566
-0.686	13.2223647765561	-3.85867676626413
-0.684	13.3968381406864	-3.66806725511015
-0.682	13.569877673686	-3.47600608759665
-0.68	13.7414538356109	-3.28251663475788
-0.678	13.9115373729418	-3.08762261605375
-0.676	14.0800993227269	-2.89134809656415
-0.674	14.2471110166018	-2.69371748410379
-0.672	14.4125440846827	-2.49475552625773
-0.67	14.5763704593349	-2.29448730733769
-0.668	14.7385623788169	-2.09293824525976
-0.666	14.8990923907992	-1.89013408834362
-0.664	15.0579333557597	-1.68610091203359
-0.662	15.2150584502541	-1.48086511554215
-0.66	15.3704411700639	-1.27445341841577
-0.658	15.5240553332208	-1.06689285702406
-0.656	15.6758750829088	-0.858210780972277
-0.654	15.8258748902452	-0.648434849437536
-0.652	15.9740295569396	-0.437593027429681
-0.65	16.1203142178335	-0.225713581976592
-0.648	16.26470434332	-0.0128250782350044
-0.646	16.4071757416453	0.201043624472981
-0.644	16.5477045610921	0.41586337669706
-0.642	16.6862672920469	0.631604742969078
-0.64	16.8228407689517	0.848238005985856
-0.638	16.9574021721406	1.06573317086425
-0.636	17.089929029564	1.28405996946739
-0.634	17.2203992184	1.50318786480189
-0.632	17.3487909665557	1.72308605548517
-0.63	17.4750828540577	1.94372348028232
-0.628	17.5992538143362	2.16506882271176
-0.626	17.7212831354004	2.3870905157192
-0.624	17.8411504609104	2.60975674641885
-0.622	17.9588357911436	2.83303546090172
-0.62	18.0743194838599	3.05689436910948
-0.618	18.1875822550658	3.28130094977405
-0.616	18.2986051796791	3.50622245542127
-0.614	18.4073696920965	3.73162591743853
-0.612	18.5138575866652	3.95747815120513
-0.61	18.6180510180602	4.18374576128481
-0.608	18.7199325015697	4.41039514667934
-0.606	18.8194849132895	4.63739250614278
-0.604	18.9166914902288	4.86470384355483
-0.602	19.0115358303291	5.09229497335316
-0.6	19.1040018923984	5.32013152602316
-0.598	19.1940739959614	5.54817895364465
-0.596	19.2817368210294	5.77640253549428
-0.594	19.3669754077905	6.00476738370298
-0.592	19.4497751562223	6.23323844896712
-0.59	19.5301218256298	6.46178052631288
-0.588	19.6080015341097	6.69035826091222
-0.586	19.6834007579435	6.91893615395006
-0.584	19.7563063309214	7.14747856854119
-0.582	19.8267054435989	7.37594973569608
-0.58	19.8945856424886	7.60431376033442
-0.578	19.959934829189	7.83253462734553
-0.576	20.0227412594519	8.06057620769417
-0.574	20.082993542192	8.28840226457109
-0.572	20.140680638439	8.51597645958685
-0.57	20.1957918602354	8.74326235900802
-0.568	20.2483168694825	8.97022344003449
-0.566	20.2982456767354	9.19682309711674
-0.564	20.3455686399502	9.42302464831198
-0.562	20.3902764631856	9.64879134167798
-0.56	20.4323601952604	9.87408636170325
-0.558	20.4718112283696	10.0988728357725
-0.556	20.5086212966606	10.3231138406663
-0.554	20.5427824747728	10.5467724090932
-0.552	20.5742871763415	10.7698115362538
-0.55	20.6031281524692	10.9921941864349
-0.548	20.6292984901654	11.213883299633
-0.546	20.6527916107588	11.4348417982049
-0.544	20.6736012682817	11.6550325935458
-0.542	20.6917215478307	11.874418592792
-0.54	20.7071468639048	12.0929627055472
-0.538	20.7198719587234	12.3106278506323
-0.536	20.729891900526	12.5273769628561
-0.534	20.7372020818559	12.7431729998053
-0.532	20.7417982178295	12.9579789486542
-0.53	20.7436763443949	13.171757832991
-0.528	20.7428328165789	13.3844727196602
-0.526	20.7392643067274	13.5960867256194
-0.524	20.7329678027395	13.8065630248097
-0.522	20.7239406062973	14.0158648550372
-0.52	20.7121803310949	14.2239555248659
-0.518	20.6976849010662	14.4307984205186
-0.516	20.6804525486154	14.6363570127861
-0.514	20.6604818128515	14.8405948639425
-0.512	20.637771537828	15.0434756346653
-0.51	20.6123208707908	15.2449630909587
-0.508	20.5841292604353	15.445021111079
-0.506	20.5531964551751	15.6436136924609
-0.504	20.5195225014236	15.8407049586426
-0.502	20.4831077418904	16.0362591661883
-0.5	20.4439528138949	16.2302407116078
-0.498	20.4020586476976	16.4226141382699
-0.496	20.357426464852	16.6133441433103
-0.494	20.3100577765779	16.8023955845302
-0.492	20.2599543821581	16.9897334872864
-0.49	20.2071183673605	17.1753230513698
-0.488	20.1515521028859	17.3591296578719
-0.486	20.093258242845	17.541118876037
-0.484	20.0322397232639	17.7212564700993
-0.482	19.9684997606217	17.8995084061032
-0.48	19.9020418504197	18.0758408587051
-0.478	19.8328697657857	18.250220217956
-0.476	19.7609875561122	18.4226130960621
-0.474	19.6863995457329	18.5929863341237
-0.472	19.6091103326358	18.761307008849
-0.47	19.5291247872164	18.9275424392435
-0.468	19.4464480510715	19.0916601932711
-0.466	19.3610855358338	19.253628094488
-0.464	19.2730429220505	19.4134142286454
-0.462	19.1823261581055	19.5709869502621
-0.46	19.0889414591862	19.7263148891631
-0.458	18.9928953062974	19.879366956985
-0.456	18.8941944453213	20.030112353645
-0.454	18.7928458861268	20.1785205737727
-0.452	18.6888569017265	20.3245614131041
-0.45	18.5822350274849	20.4682049748344
-0.448	18.4729880603767	20.6094216759308
-0.446	18.3611240582962	20.7481822534011
-0.444	18.2466513394203	20.8844577705189
-0.442	18.1295784816232	21.0182196230029
-0.44	18.0099143219457	21.149439545149
-0.438	17.8876679561178	21.278089615914
-0.436	17.7628487381376	21.4041422649497
-0.434	17.6354662799039	21.5275702785855
-0.432	17.5055304509058	21.6483468057582
-0.43	17.3730513779683	21.7664453638884
-0.428	17.2380394450541	21.8818398447013
-0.426	17.1005052931227	21.9945045199903
-0.424	16.9604598200469	22.1044140473236
-0.422	16.817914180586	22.2115434756908
-0.42	16.6728797864177	22.3158682510888
-0.418	16.5253683062265	22.4173642220459
-0.416	16.3753916658509	22.5160076450827
-0.414	16.2229620484877	22.6117751901083
-0.412	16.068091894954	22.7046439457506
-0.41	15.9107939040075	22.7945914246196
-0.408	15.7510810327235	22.8815955685024
-0.406	15.5889664969296	22.9656347534881
-0.404	15.4244637716969	23.0466877950225
-0.402	15.2575865918883	23.1247339528906
-0.4	15.0883489527626	23.1997529361248
-0.398	14.9167651106349	23.2717249078407
-0.396	14.7428495835915	23.3406304899947
-0.394	14.56661715226	23.406450768067
-0.392	14.3880828606332	23.4691672956653
-0.39	14.2072620169468	23.5287620990495
-0.388	14.0241701946088	23.5852176815769
-0.386	13.8388232331811	23.6385170280653
-0.384	13.6512372394126	23.6886436090735
-0.382	13.4614285883206	23.7355813850993
-0.38	13.2694139243226	23.7793148106918
-0.378	13.0752101624154	23.8198288384783
-0.376	12.8788344893999	23.8571089231051
-0.374	12.6803043651531	23.89114102509
-0.372	12.4796375239425	23.9219116145863
-0.37	12.2768519757841	23.9494076750569
-0.368	12.0719660078418	23.9736167068582
-0.366	11.8649981858662	23.994526730732
-0.364	11.6559673556723	24.0121262912051
-0.362	11.4448926446527	24.0264044598954
-0.36	11.2317934633275	24.0373508387235
-0.358	11.0166895069256	24.0449555630296
-0.356	10.7996007569987	24.0492093045935
-0.354	10.5805474830637	24.0501032745587
-0.352	10.3595502442733	24.0476292262579
-0.35	10.1366298911118	24.0417794579407
-0.348	9.9118075671138	24.0325468154014
-0.346	9.68510471060475	24.0199246945073
-0.344	9.45654305645945	24.0039070436258
-0.342	9.22614463787774	23.9844883659502
-0.34	8.99393178817393	23.9616637217235
-0.338	8.759927142578	23.9354287303586
-0.336	8.52415364004585	23.9057795724559
-0.334	8.28663452507597	23.8727129917162
-0.332	8.04739334953001	23.8362262967489
-0.33	7.80645397445427	23.7963173627748
-0.328	7.56384057189957	23.7529846332233
-0.326	7.3195776267363	23.7062271212226
-0.324	7.073689938462	23.6560444109833
-0.322	6.82620262299826	23.6024366590741
-0.32	6.5771411144739	23.5454045955905
-0.318	6.32653116699135	23.4849495252132
-0.316	6.07439885637294	23.42107332816
-0.314	5.82077058188381	23.3537784610261
-0.312	5.56567306792826	23.2830679575164
-0.31	5.3091333657159	23.208945429067
-0.308	5.05117885489441	23.1314150653565
-0.306	4.7918372451452	23.0504816347064
-0.304	4.53113657773842	22.9661504843708
-0.302	4.26910522704386	22.8784275407146
-0.3	4.00577190199384	22.7873193092806
-0.298	3.74116564749455	22.692832874744
-0.296	3.4753158457819	22.5949759007559
-0.294	3.20825221771819	22.4937566296739
-0.292	2.94000482402565	22.3891838821814
-0.29	2.6706040664529	22.2812670567931
-0.288	2.40008068887049	22.1700161292497
-0.286	2.12846577829139	22.0554416517983
-0.284	1.85579076581245	21.9375547523615
-0.282	1.58208742747278	21.8163671335932
-0.28	1.30738788502488	21.6918910718217
-0.278	1.03172460661445	21.5641394158806
-0.276	0.755130407364648	21.4331255858265
-0.274	0.477638449860651	21.2988635715447
-0.272	0.199282244530309	21.1613679312419
-0.27	-0.0799043500833704	21.0206537898274
-0.268	-0.35988712716216	20.8767368371808
-0.266	-0.640631531569138	20.7296333263093
-0.264	-0.922102659926247	20.5793600713919
-0.262	-1.20426526081696	20.4259344457123
-0.26	-1.48708373511853	20.2693743794809
-0.258	-1.77052213646794	20.1096983575452
-0.256	-2.05454417186591	19.9469254169894
-0.254	-2.33911320242327	19.7810751446238
-0.252	-2.62419224425382	19.6121676743637
-0.25	-2.90974396951806	19.440223684499
-0.248	-3.19573070762197	19.2652643948534
-0.246	-3.48211444657493	19.087311563836
-0.244	-3.76885683451116	18.9063874853829
-0.242	-4.05591918137867	18.7225149857922
-0.24	-4.3432624607998	18.5357174204495
-0.238	-4.63084731210759	18.3460186704482
-0.236	-4.91863404256181	18.1534431391024
-0.234	-5.20658262974875	17.958015748353
-0.232	-5.49465272416862	17.7597619350701
-0.23	-5.78280365201447	17.5587076472488
-0.228	-6.07099441814644	17.3548793401023
-0.226	-6.35918370926494	17.1483039720504
-0.224	-6.64732989728668	16.9390090006056
-0.222	-6.93539104292688	16.7270223781566
-0.22	-7.22332489949128	16.5123725476516
-0.218	-7.51108891688148	16.2950884381789
-0.216	-7.79864024581663	16.0751994604494
-0.214	-8.08593574227505	15.8527355021791
-0.212	-8.37293197215875	15.627726923373
-0.21	-8.65958521618383	15.4002045515126
-0.208	-8.9458514749998	15.1701996766453
-0.206	-9.23168647454051	14.9377440463796
-0.204	-9.51704567160952	14.7028698607839
-0.202	-9.8018842597023	14.465609767193
-0.2	-10.0861571750678	14.2259968549202
-0.198	-10.3698191030118	13.9840646498782
-0.196	-10.6528244844436	13.7398471091088
-0.194	-10.9351275226692	13.4933786152224
-0.192	-11.2166821904315	13.2446939707491
-0.19	-11.4974422372006	12.993828392401
-0.188	-11.7773611967138	12.7408175052485
-0.186	-12.0563923947696	12.4856973368102
-0.184	-12.3344889572738	12.2285043110587
-0.182	-12.6116038185408	11.9692752423423
-0.18	-12.8876897298503	11.7080473292249
-0.178	-13.1626992682602	11.4448581482446
-0.176	-13.4365848456758	11.1797456475916
-0.174	-13.7092987181763	10.9127481407084
-0.172	-13.9807929955983	10.6439042998119
-0.17	-14.251019651376	10.3732531493388
-0.168	-14.5199305326383	10.1008340593166
-0.166	-14.7874773705622	9.82668673866055
-0.164	-15.0536117909817	9.55085122839804
-0.162	-15.3182853252506	9.27336789482198
-0.16	-15.5814494213599	8.99427742257426
-0.158	-15.8430554553061	8.71362080766074
-0.156	-16.1030547427109	8.43143935039912
-0.154	-16.3613985506891	8.1477746483011
-0.152	-16.6180381099633	7.86266858889021
-0.15	-16.872924627223	7.57616334245662
-0.148	-17.1260092977256	7.28830135475059
-0.146	-17.377243318136	6.99912533961571
-0.144	-17.6265778996034	6.70867827156368
-0.142	-17.8739642810702	6.41700337829182
-0.14	-18.1193537428103	6.12414413314508
-0.138	-18.3626976201936	5.8301442475237
-0.136	-18.6039473176719	5.53504766323845
-0.134	-18.8430543229825	5.23889854481455
-0.132	-19.0799702215646	4.94174127174618
-0.13	-19.3146467111843	4.64362043070277
-0.128	-19.547035616763	4.34458080768903
-0.126	-19.7770889054037	4.04466738015983
-0.124	-20.0047587016102	3.74392530909199
-0.122	-20.2299973026932	3.44239993101413
-0.12	-20.4527571943571	3.14013674999657
-0.118	-20.6729910664621	2.83718142960255
-0.116	-20.890651828954	2.53357978480273
-0.114	-21.1056926279561	2.2293777738542
-0.112	-21.3180668620148	1.92462149014613
-0.11	-21.5277281984935	1.61935715401322
-0.108	-21.7346305901059	1.31363110451895
-0.106	-21.9387282915814	1.00748979121016
-0.104	-22.1399758764548	0.70097976584463
-0.102	-22.3383282539721	0.39414767409335
-0.1	-22.5337406861035	0.0870402472192374
-0.098	-22.7261688046564	-0.220295706266192
-0.096	-22.9155686284771	-0.527813308966221
-0.094	-23.1018965807342	-0.835465622981023
-0.092	-23.285109506274	-1.1432056583064
-0.09	-23.4651646890371	-1.45098638124778
-0.088	-23.6420198695279	-1.75876072284748
-0.086	-23.8156332623269	-2.06648158732372
-0.084	-23.985963573634	-2.37410186051948
-0.082	-24.1529700188354	-2.6815744183597
-0.08	-24.3166123400803	-2.98885213531483
-0.078	-24.4768508238593	-3.29588789286925
-0.076	-24.6336463185722	-3.60263458799256
-0.074	-24.7869602520742	-3.90904514161234
-0.072	-24.9367546491903	-4.21507250708623
-0.07	-25.0829921491849	-4.52066967867206
-0.0679999999999999	-25.2256360231767	-4.82578969999379
-0.0659999999999999	-25.3646501914862	-5.13038567250198
-0.0639999999999999	-25.4999992409042	-5.43441076392674
-0.0620000000000001	-25.6316484418694	-5.73781821672157
-0.0600000000000001	-25.7595637655435	-6.04056135649634
-0.0580000000000001	-25.8837119007708	-6.34259360043758
-0.056	-26.0040602709108	-6.64386846571447
-0.054	-26.1205770505313	-6.94433957786879
-0.052	-26.233231181949	-7.24396067918699
-0.05	-26.3419923916059	-7.54268563705277
-0.048	-26.4468312062692	-7.8404684522784
-0.046	-26.5477189690402	-8.13726326741311
-0.044	-26.6446278551623	-8.43302437502678
-0.042	-26.7375308876136	-8.72770622596722
-0.04	-26.8264019524713	-9.02126343758943
-0.038	-26.9112158140372	-9.31365080195504
-0.036	-26.9919481297089	-9.60482329400031
-0.034	-27.0685754645861	-9.89473607967097
-0.032	-27.1410753057989	-10.1833445240222
-0.03	-27.2094260765446	-10.4706041992822
-0.028	-27.2736071498221	-10.7564708928776
-0.026	-27.3335988618491	-11.0409006154187
-0.024	-27.3893825251532	-11.3238496086442
-0.022	-27.4409404413201	-11.6052743533215
-0.02	-27.4882559133911	-11.8851315771036
-0.018	-27.5313132578947	-12.1633782623385
-0.016	-27.5700978165017	-12.4399716538317
-0.014	-27.6045959672919	-12.7148692665585
-0.012	-27.6347951356201	-12.9880288933253
-0.01	-27.6606838045706	-13.2594086123782
-0.00800000000000001	-27.6822515249886	-13.5289667949574
-0.00600000000000001	-27.6994889250772	-13.7966621127961
-0.004	-27.7123877195487	-14.062453545561
-0.002	-27.720940718321	-14.3263003882352
0	-27.7251418347461	-14.5881622584398
0.002	-27.7249860933627	-14.8479991036939
0.004	-27.7204696371618	-15.1057712086113
0.00600000000000001	-27.7115897343551	-15.3614392020321
0.00800000000000001	-27.6983447846384	-15.6149640640878
0.01	-27.6807343249383	-15.8663071331994
0.012	-27.6587590346358	-16.1154301130054
0.014	-27.6324207402561	-16.3622950792194
0.016	-27.6017224196182	-16.606864486416
0.018	-27.5666682054345	-16.8491011747432
0.02	-27.5272633883545	-17.0889683765593
0.022	-27.4835144194438	-17.3264297229947
0.024	-27.4354289120929	-17.5614492504356
0.026	-27.3830156433483	-17.7939914069287
0.028	-27.3262845546602	-18.0240210585065
0.03	-27.2652467520414	-18.2515034954307
0.032	-27.1999145056313	-18.4764044383527
0.034	-27.1303012486603	-18.6986900443911
0.036	-27.0564215758112	-18.9183269131229
0.038	-26.9782912409724	-19.1352820924894
0.04	-26.8959271543789	-19.3495230846138
0.042	-26.8093473791402	-19.5610178515303
0.044	-26.7185711271496	-19.7697348208236
0.046	-26.623618754375	-19.975642891177
0.048	-26.524511755528	-20.1787114378289
0.05	-26.4212727581113	-20.3789103179349
0.052	-26.3139255158419	-20.5762098758374
0.054	-26.2024949014524	-20.7705809482383
0.056	-26.0870068988678	-20.9619948692759
0.0580000000000001	-25.9674885947609	-21.1504234755047
0.0600000000000001	-25.8439681694865	-21.3358391107764
0.0620000000000001	-25.716474887396	-21.5182146310216
0.0640000000000001	-25.5850390865354	-21.6975234089315
0.0660000000000001	-25.449692167729	-21.873739338538
0.0680000000000001	-25.3104665830528	-22.046836839692
0.0700000000000001	-25.1673958237005	-22.2167908624384
0.0720000000000001	-25.0205144072478	-22.383576891288
0.0740000000000001	-24.8698578643186	-22.5471709493832
0.0760000000000001	-24.7154627246596	-22.70754960256
0.0780000000000001	-24.5573665026295	-22.8646899633026
0.0800000000000001	-24.3956076821082	-23.0185696945911
0.0820000000000001	-24.230225700834	-23.1691670136419
0.0840000000000001	-24.0612609341768	-23.3164606955389
0.0860000000000001	-23.888754678354	-23.4604300767562
0.0880000000000001	-23.7127491330995	-23.6010550585704
0.0900000000000001	-23.5332873837943	-23.7383161103628
0.0920000000000001	-23.3504133830674	-23.8721942728102
0.0940000000000001	-23.1641719318796	-24.0026711609644
0.0960000000000001	-22.974608660099	-24.1297289672186
0.0980000000000001	-22.7817700065799	-24.2533504641619
0.1	-22.5857031987578	-24.3735190073202
0.102	-22.3864562317713	-24.4902185377824
0.104	-22.1840778471258	-24.6034335847141
0.106	-21.9786175109092	-24.7131492677543
0.108	-21.7701253915771	-24.8193512992988
0.11	-21.5586523373177	-24.9220259866672
0.112	-21.3442498530149	-25.0211602341537
0.114	-21.1269700768215	-25.1167415449625
0.116	-20.9068657563601	-25.2087580230256
0.118	-20.6839902245669	-25.2971983747043
0.12	-20.4583973751946	-25.3820519103736
0.122	-20.2301416379915	-25.4633085458889
0.124	-19.9992779535744	-25.5409588039347
0.126	-19.7658617480115	-25.614993815257
0.128	-19.5299489071346	-25.6854053197755
0.13	-19.2915957505981	-25.7521856675797
0.132	-19.0508590057037	-25.8153278198058
0.134	-18.8077957810098	-25.874825349395
0.136	-18.5624635397438	-25.9306724417344
0.138	-18.3149200730386	-25.9828638951784
0.14	-18.0652234730117	-26.0313951214527
0.142	-17.8134321057068	-26.0762621459392
0.144	-17.5596045839196	-26.1174616078427
0.146	-17.3037997399266	-26.1549907602392
0.148	-17.0460765981385	-26.1888474700065
0.15	-16.7864943476994	-26.2190302176361
0.152	-16.5251123150512	-26.2455380969274
0.154	-16.2619899364869	-26.2683708145645
0.156	-15.9971867307115	-26.2875286895742
0.158	-15.7307622714334	-26.3030126526686
0.16	-15.4627761600084	-26.3148242454687
0.162	-15.1932879981551	-26.3229656196122
0.164	-14.9223573607672	-26.3274395357445
0.166	-14.6500437688403	-26.3282493623934
0.168	-14.3764066625386	-26.3253990747285
0.17	-14.1015053744196	-26.3188932532036
0.172	-13.8253991028415	-26.308737082086
0.174	-13.5481468855721	-26.2949363478695
0.176	-13.2698075736231	-26.277497437574
0.178	-12.9904398053285	-26.2564273369311
0.18	-12.7101019806914	-26.2317336284563
0.182	-12.4288522360166	-26.2034244894083
0.184	-12.1467484188536	-26.1715086896368
0.186	-11.8638480632675	-26.1359955893181
0.188	-11.5802083654607	-26.0968951365792
0.19	-11.2958861597636	-26.0542178650123
0.192	-11.0109378950164	-26.0079748910793
0.194	-10.7254196113595	-25.9581779114065
0.196	-10.4393869174536	-25.9048391999714
0.198	-10.1528949681478	-25.8479716051821
0.2	-9.86599844261475	-25.7875885468484
0.202	-9.57875152297037	-25.7237040130477
0.204	-9.29120787339789	-25.6563325568852
0.206	-9.00342061979188	-25.585489293149
0.208	-8.71544232994067	-25.5111898948615
0.21	-8.42732499426339	-25.4334505897278
0.212	-8.13912000711799	-25.3522881564815
0.214	-7.85087814869605	-25.2677199211302
0.216	-7.56264956751959	-25.1797637530987
0.218	-7.27448376355465	-25.0884380612748
0.22	-6.98642957195595	-24.9937617899551
0.222	-6.69853514745606	-24.8957544146935
0.224	-6.41084794941249	-24.7944359380536
0.226	-6.12341472752496	-24.6898268852646
0.228	-5.83628150823474	-24.5819482997832
0.23	-5.54949358181762	-24.4708217387622
0.232	-5.26309549018072	-24.3564692684254
0.234	-4.97713101537363	-24.2389134593528
0.236	-4.69164316882269	-24.1181773816735
0.238	-4.40667418129757	-23.9942846001714
0.24	-4.1222654936177	-23.8672591693011
0.242	-3.83845774810615	-23.737125628118
0.244	-3.55529078079729	-23.6039089951219
0.246	-3.27280361440417	-23.4676347630168
0.248	-2.9910344520507	-23.3283288933864
0.25	-2.71002067177312	-23.1860178112882
0.252	-2.42979882179408	-23.0407283997664
0.254	-2.15040461657261	-22.8924879942847
0.256	-1.87187293363167	-22.7413243770816
0.258	-1.59423781116494	-22.5872657714476
0.26	-1.31753244642327	-22.4303408359274
0.262	-1.04178919488055	-22.2705786584467
0.264	-0.767039570178072	-22.1080087503667
0.266	-0.493314244845605	-21.9426610404661
0.268	-0.22064305179661	-21.7745658688526
0.27	0.0509450134057705	-21.6037539808056
0.272	0.321421789516077	-21.430256520551
0.274	0.590759945812083	-21.2541050249693
0.276	0.858932977544413	-21.075331417239
0.278	1.12591520063645	-20.8939680004166
0.28	1.39168174564208	-20.7100474509537
0.282	1.65620855096904	-20.5236028121544
0.284	1.91947235537683	-20.3346674875729
0.286	2.1814506897587	-20.1432752343526
0.288	2.44212186821804	-19.9494601565107
0.29	2.70146497845015	-19.7532566981658
0.292	2.95945987144132	-19.5546996367136
0.294	3.21608715049772	-19.3538240759501
0.296	3.47132815961716	-19.1506654391447
0.298	3.72516497121797	-18.9452594620638
0.3	3.97758037323948	-18.7376421859481
0.302	4.22855785562936	-18.5278499504433
0.304	4.47808159623404	-18.3159193864863
0.306	4.72613644610862	-18.1018874091498
0.308	4.9727079142638	-17.8857912104444
0.31	5.21778215186755	-17.6676682520817
0.312	5.46134593592012	-17.4475562581995
0.314	5.70338665242158	-17.22549320805
0.316	5.94389227905141	-17.0015173286533
0.318	6.18285136738054	-16.7756670874176
0.32	6.42025302463649	-16.5479811847274
0.322	6.65608689504289	-16.3184985465018
0.324	6.8903431407553	-16.0872583167239
0.326	7.12301242241535	-15.8542998499431
0.328	7.35408587934602	-15.6196627037522
0.33	7.58355510941113	-15.3833866312409
0.332	7.81141214856255	-15.1455115734264
0.334	8.03764945009903	-14.9060776516638
0.336	8.26225986366086	-14.6651251600372
0.338	8.48523661398491	-14.422694557734
0.34	8.70657327944494	-14.1788264614022
0.342	8.92626377040233	-13.9335616374947
0.344	9.14430230739256	-13.6869409946002
0.346	9.36068339917313	-13.4390055757632
0.348	9.57540182065864	-13.1897965507947
0.35	9.78845259076902	-12.9393552085751
0.352	9.99983095021709	-12.6877229493504
0.354	10.2095323392616	-12.4349412770248
0.356	10.417552375452	-12.1810517914488
0.358	10.6238868313917	-11.9260961807073
0.36	10.8285316125451	-11.6701162134068
0.362	11.0314827351169	-11.4131537309646
0.364	11.2327363040271	-11.1552506399015
0.366	11.4322884910109	-10.8964489041396
0.368	11.6301355128679	-10.6367905373054
0.37	11.826273609887	-10.3763175950423
0.372	12.0206990244735	-10.1150721673321
0.374	12.2134079800036	-9.85309637082694
0.376	12.404396659932	-9.59043234119551
0.378	12.5936611871786	-9.32712222548175
0.38	12.7811976038179	-9.06320817448057
0.382	12.9670018510971	-8.79873233513023
0.384	13.1510697498077	-8.53373684292374
0.386	13.3333969810328	-8.26826381434052
0.388	13.5139790672963	-8.00235533929999
0.39	13.6928113541353	-7.73605347363837
0.392	13.86988899212	-7.4694002316104
0.394	14.0452069193429	-7.20243757841736
0.396	14.2187598443993	-6.93520742276282
0.398	14.3905422298808	-6.6677516094377
0.4	14.5605482764032	-6.40011191193594
0.402	14.7287719071877	-6.13233002510244
0.404	14.8952067532173	-5.86444755781447
0.406	15.0598461389861	-5.59650602569807
0.408	15.2226830688602	-5.32854684388094
0.41	15.3837102140696	-5.06061131978308
0.412	15.5429199003465	-4.79274064594665
0.414	15.7003040962277	-4.52497589290631
0.416	15.8558544020371	-4.25735800210164
0.418	16.0095620395628	-3.98992777883275
0.42	16.1614178424437	-3.72272588526056
0.422	16.3114122472795	-3.45579283345291
0.424	16.4595352854764	-3.18916897847811
0.426	16.605776575841	-2.92289451154694
0.428	16.7501253179337	-2.65700945320447
0.43	16.8925702861917	-2.39155364657306
0.432	17.033099824832	-2.1265667506477
0.434	17.1717018435422	-1.86208823364495
0.436	17.308363813968	-1.59815736640672
0.438	17.4430727670036	-1.33481321586009
0.44	17.5758152908919	-1.07209463853439
0.442	17.7065775301392	-0.810040274136686
0.444	17.8353451852494	-0.548688539186866
0.446	17.9621035132801	-0.28807762071341
0.448	18.0868373292251	-0.0282454700110882
0.45	18.2095310082224	0.230770203538365
0.452	18.3301684885911	0.488931938581548
0.454	18.4487332756948	0.746202527843507
0.456	18.5652084466318	1.00254502411162
0.458	18.6795766557499	1.25792274615216
0.46	18.7918201409815	1.51229928455867
0.462	18.9019207309978	1.76563850753094
0.464	19.0098598531747	2.01790456658371
0.466	19.1156185423658	2.26906190218403
0.468	19.2191774504766	2.51907524931649
0.47	19.3205168568308	2.76790964297521
0.472	19.4196166793219	3.01553042358171
0.474	19.5164564863399	3.2619032423278
0.476	19.611015509463	3.5069940664426
0.478	19.7032726569032	3.75076918438283
0.48	19.7932065276949	3.99319521094543
0.482	19.8807954266124	4.23423909230184
0.484	19.9660173798034	4.47386811095305
0.486	20.0488501511238	4.71204989060459
0.488	20.1292712591596	4.94875240096082
0.49	20.2072579949182	5.18394396243763
0.492	20.2827874401739	5.41759325079291
0.494	20.3558364864493	5.64966930167413
0.496	20.4263818546143	5.88014151508219
0.498	20.4944001150839	6.108979659751
0.5	20.5598677085959	6.33615387744212
0.502	20.622760967546	6.56163468715386
0.504	20.6830561378623	6.78539298924411
0.506	20.7407294013942	7.00740006946644
0.508	20.7957568987967	7.22762760291891
0.51	20.8481147528845	7.44604765790502
0.512	20.8977790924349	7.66263269970619
0.514	20.9447260764127	7.87735559426539
0.516	20.9889319185963	8.09018961178142
0.518	21.0303729125758	8.30110843021337
0.52	21.069025457102	8.51008613869474
0.522	21.1048660817564	8.71709724085695
0.524	21.1378714729198	8.92211665806171
0.526	21.1680185000088	9.12511973254203
0.528	21.1952842419574	9.3260822304513
0.53	21.2196460139128	9.52498034482032
0.532	21.2410813941201	9.72179069842185
0.534	21.2595682509673	9.91649034654244
0.536	21.2750847701616	10.1090567796612
0.538	21.2876094820109	10.2994679260354
0.54	21.2971212887791	10.4877021541925
0.542	21.3035994920901	10.6737382753286
0.544	21.3070238203479	10.8575555456127
0.546	21.307374456147	11.0391336683976
0.548	21.3046320636435	11.218452796336
0.55	21.2987778158566	11.3954935334022
0.552	21.2897934218737	11.5702369368204
0.554	21.277661153929	11.7426645188971
0.556	21.2623638743272	11.9127582487603
0.558	21.2438850621837	12.0805005540031
0.56	21.2222088399528	12.2458743222337
0.562	21.1973199997154	12.4088629025294
0.564	21.1692040291984	12.5694501067979
0.566	21.1378471374976	12.7276202110424
0.568	21.1032362804762	12.8833579565335
0.57	21.0653591858127	13.0366485508855
0.572	21.0242043776691	13.1874776690399
0.574	20.979761200955	13.3358314541538
0.576	20.9320198451596	13.4816965183942
0.578	20.8809713677262	13.6250599436393
0.58	20.8266077169437	13.7659092820857
0.582	20.7689217543302	13.9042325567617
0.584	20.707907276484	14.0400182619488
0.586	20.643559036377	14.1732553635086
0.588	20.5758727640693	14.3039332991182
0.59	20.5048451868188	14.4320419784127
0.592	20.4304740485667	14.557571783036
0.594	20.3527581287741	14.6805135665991
0.596	20.2716972605908	14.8008586545478
0.598	20.1872923483343	14.918598843939
0.6	20.0995453842598	15.0337264031262
0.602	20.008459464602	15.1462340713547
0.604	19.9140388048695	15.2561150582676
0.606	19.8162887543756	15.363363043321
0.608	19.7152158099859	15.467972175112
0.61	19.61082762907	15.5699370706164
0.612	19.5031330416375	15.6692528143398
0.614	19.3921420616481	15.7659149573803
0.616	19.2778658974782	15.8599195164049
0.618	19.1603169615329	15.9512629725384
0.62	19.039508878991	16.0399422701679
0.622	18.9154564956705	16.1259548156605
0.624	18.7881758850058	16.2092984759971
0.626	18.6576843541251	16.2899715773221
0.628	18.5240004490204	16.3679729034091
0.63	18.3871439588017	16.4433016940441
0.632	18.2471359190285	16.5159576433266
0.634	18.103998614112	16.5859408978886
0.636	17.9577555787839	16.6532520550334
0.638	17.8084315986253	16.7178921607937
0.64	17.6560527096547	16.7798627079108
0.642	17.500646196971	16.8391656337345
0.644	17.3422405924501	16.8958033180454
0.646	17.1808656714941	16.9497785808
0.648	17.0165524488349	17.0010946797989
0.65	16.84933317339	17.0497553082803
0.652	16.6792413221765	17.0957645924375
0.654	16.5063115932821	17.139127088863
0.656	16.3305798979004	17.1798477819195
0.658	16.1520833514323	17.2179320810381
0.66	15.9708602636608	17.2533858179451
0.662	15.7869501280048	17.2862152438183
0.664	15.600393609859	17.3164270263736
0.666	15.4112325340289	17.3440282468819
0.668	15.219509871268	17.3690263971192
0.67	15.0252697239294	17.3914293762487
0.672	14.8285573107398	17.4112454876368
0.674	14.6294189507092	17.4284834356044
0.676	14.4279020461878	17.4431523221134
0.678	14.2240550650823	17.45526164339
0.68	14.0179275222466	17.4648212864855
0.682	13.8095699600602	17.471841525776
0.684	13.5990339282103	17.4763330194012
0.686	13.3863719626925	17.4783068056439
0.688	13.171637564048	17.4777742992517
0.69	12.9548851748533	17.4747472876999
0.692	12.7361701564806	17.4692379273995
0.694	12.5155487651478	17.4612587398486
0.696	12.2930781272773	17.45082260773
0.698	12.0688162141819	17.4379427709554
0.7	11.842821816101	17.4226328226574
0.702	11.6151545156042	17.40490670513
0.704	11.3858746603869	17.3847787057192
0.706	11.155043335478	17.3622634526643
0.708	10.9227223348825	17.3373759108912
0.71	10.6889741326819	17.3101313777593
0.712	10.4538618536155	17.2805454787613
0.714	10.2174492431664	17.2486341631798
0.716	9.97980063717562	17.2144136996986
0.718	9.74098093100985	17.1779006719732
0.72	9.50105554830637	17.139111974158
0.722	9.26009040932082	17.0980648063945
0.724	9.0181518989029	17.0547766702598
0.726	8.7753068341256	17.0092653641767
0.728	8.53162243159365	16.9615489787874
0.73	8.2871662744572	16.9116458922907
0.732	8.04200627915699	16.8595747657446
0.734	7.79621066192704	16.805354538336
0.736	7.54984790508154	16.7490044226165
0.738	7.30298672311238	16.6905438997084
0.74	7.05569602862376	16.629992714479
0.742	6.80804489813075	16.5673708706874
0.744	6.56010253774823	16.5026986261014
0.746	6.31193824879706	16.4359964875898
0.748	6.06362139335387	16.3672852061871
0.75	5.81522135977125	16.296585772135
0.752	5.56680752819458	16.2239194098996
0.754	5.31844923610211	16.1493075731671
0.756	5.0702157438943	16.072771939818
0.758	4.82217620055866	15.9943344068813
0.76	4.57439960943584	15.91401708547
0.762	4.32695479411286	15.8318422956991
0.764	4.07991036446869	15.7478325615866
0.766	3.8333346828976	15.6620106059394
0.768	3.58729583073522	15.5743993452252
0.77	3.34186157491174	15.4850218844304
0.772	3.09709933485685	15.393901511907
0.774	2.85307614968026	15.3010616942077
0.776	2.60985864565156	15.206526070912
0.778	2.36751300400242	15.1103184494433
0.78	2.12610492907441	15.0124627998781
0.782	1.88569961683451	14.9129832497497
0.784	1.64636172378052	14.8119040788457
0.786	1.40815533625789	14.7092497140018
0.788	1.1711439402091	14.6050447238924
0.79	0.935390391376145	14.4993138138192
0.792	0.700956885976241	14.3920818204986
0.794	0.46790493187045	14.2833737068499
0.796	0.236295320244075	14.1732145567843
0.798	0.00618809781762876	14.0616295699963
0.8	-0.222357460393946	13.9486440567583
0.802	-0.449282877756214	13.8342834327205
0.804	-0.674530502107649	13.7185732137151
0.806	-0.898043531253197	13.6015390105684
0.808	-1.11976603784348	13.4832065239192
0.81	-1.33964299362461	13.363601539047
0.812	-1.55762029304419	13.2427499207092
0.814	-1.77364477619985	13.1206776079892
0.816	-1.98766425111714	12.9974106091567
0.818	-2.19962751534442	12.8729749965398
0.82	-2.40948437685281	12.7473969014117
0.822	-2.61718567423017	12.6207025088918
0.824	-2.82268329615859	12.4929180528625
0.826	-3.02593020016559	12.3640698109027
0.828	-3.22688043063977	12.2341840992395
0.83	-3.42548913610275	12.1032872677175
0.832	-3.62171258572913	11.9714056947886
0.834	-3.81550818510783	11.838565782522
0.836	-4.00683449123805	11.7047939516356
0.838	-4.1956512267542	11.57011663655
0.84	-4.3819192933747	11.4345602804655
0.842	-4.56560078457027	11.2981513304636
0.844	-4.74665899744785	11.1609162326332
0.846	-4.92505844384723	11.0228814272236
0.848	-5.10076486064788	10.8840733438232
0.85	-5.2737452192843	10.7445183965669
0.852	-5.44396773446873	10.6042429793715
0.854	-5.61140187212085	10.4632734612011
0.856	-5.77601835650467	10.3216361813618
0.858	-5.93778917657349	10.1793574448283
0.86	-6.09668759152431	10.0364635176023
0.862	-6.25268813556398	9.89298062210291
0.864	-6.40576662188964	9.74893493259156
0.866	-6.55590014588693	9.60435257063009
0.868	-6.70306708754985	9.45925960057456
0.87	-6.84724711312676	9.31368202510452
0.872	-6.98842117599777	9.16764578078883
0.874	-7.12657151678901	9.02117673368869
0.876	-7.26168166273019	8.87430067499865
0.878	-7.39373642626224	8.72704331672608
0.88	-7.52272190290206	8.57943028741034
0.882	-7.6486254683727	8.43148712788153
0.884	-7.77143577500696	8.2832392870602
0.886	-7.89114274743338	8.13471211779835
0.888	-8.00773757755405	7.98593087276228
0.89	-8.12121271882386	7.83692070035814
0.892	-8.23156187984167	7.68770664070075
0.894	-8.33878001726393	7.53831362162611
0.896	-8.44286332805206	7.38876645474842
0.898	-8.54380924106497	7.23908983156205
0.9	-8.64161640800875	7.08930831958904
0.902	-8.736284693756	6.93944635857285
0.904	-8.8278151660472	6.78952825671848
0.906	-8.91621008458748	6.63957818698005
0.908	-9.00147288955201	6.48962018339589
0.91	-9.08360818951375	6.33967813747183
0.912	-9.16262174880765	6.18977579461322
0.914	-9.23852047434551	6.03993675060599
0.916	-9.31131240189618	5.89018444814737
0.918	-9.38100668184585	5.74054217342669
0.92	-9.44761356445356	5.59103305275649
0.922	-9.51114438461728	5.44168004925466
0.924	-9.57161154616593	5.29250595957787
0.926	-9.62902850569321	5.14353341070655
0.928	-9.68340975594903	4.99478485678212
0.93	-9.73477080880461	4.84628257599644
0.932	-9.78312817780738	4.69804866753415
0.934	-9.82849936034209	4.55010504856817
0.936	-9.87090281941451	4.40247345130843
0.938	-9.9103579650742	4.25517542010454
0.94	-9.94688513549301	4.1082323086024
0.942	-9.98050557771595	3.9616652769551
0.944	-10.0112414281012	3.81549528908849
0.946	-10.0391156924657	3.66974311002149
0.948	-10.0641522259541	3.52442930324151
0.95	-10.0863757126459	3.37957422813525
0.952	-10.1058116449197	3.23519803747488
0.954	-10.1224863025904	3.09132067496003
0.956	-10.1364267318349	2.94796187281569
0.958	-10.1476607239255	2.80514114944609
0.96	-10.1562167937849	2.662877807145
0.962	-10.1621241583811	2.52119092986219
0.964	-10.1654127149782	2.38009938102657
0.966	-10.1661130192586	2.23962180142592
0.968	-10.1642562633339	2.09977660714333
0.97	-10.1598742536602	1.96058198755053
0.972	-10.1529993888728	1.8220559033581
0.974	-10.1436646375576	1.68421608472265
0.976	-10.1319035159738	1.54708002941115
0.978	-10.1177500657434	1.41066500102215
0.98	-10.1012388315227	1.27498802726426
0.982	-10.0824048386716	1.14006589829176
0.984	-10.0612835709339	1.00591516509716
0.986	-10.0379109481454	0.872552137961134
0.988	-10.0123233039816	0.739992884959332
0.99	-9.98455736376191	0.608253230526357
0.992	-9.95465022232169	0.477348754076783
0.994	-9.92263932196756	0.347294788683005
0.996	-9.8885624305285	0.218106419810078
0.998	-9.85245761951617	0.0897984841073618
