0	141.338164625218	136.620580078886	146.218649987364
0.016	140.954501842433	136.234572886691	145.837955583955
0.032	140.571880513181	135.849656317537	145.458252355263
0.048	140.190297810434	135.465827289981	145.079537720666
0.064	139.809750914837	135.083082731289	144.701809106266
0.08	139.430237014691	134.701419577407	144.325063944862
0.096	139.051753305926	134.320834772938	143.949299675939
0.112	138.674296992085	133.941325271119	143.57451374565
0.128	138.297865284302	133.562888033794	143.200703606795
0.144	137.922455401282	133.185520031392	142.827866718806
0.16	137.548064569279	132.809218242901	142.456000547731
0.176	137.174690022077	132.433979655846	142.085102566214
0.192	136.802329000967	132.05980126626	141.715170253481
0.208	136.430978754732	131.686680078668	141.346201095318
0.224	136.060636539621	131.314613106055	140.978192584061
0.24	135.691299619329	130.943597369846	140.61114221857
0.256	135.322965264983	130.573629899883	140.245047504223
0.272	134.955630755115	130.204707734399	139.879905952887
0.288	134.589293375644	129.836827919996	139.515715082912
0.304	134.223950419858	129.469987511619	139.152472419106
0.32	133.859599188391	129.104183572534	138.790175492723
0.336	133.496236989205	128.739413174307	138.428821841443
0.352	133.13386113757	128.375673396775	138.068409009359
0.368	132.772468956043	128.012961328026	137.708934546958
0.384	132.412057774449	127.651274064378	137.350396011102
0.4	132.052624929861	127.29060871035	136.992790965016
0.416	131.694167766582	126.930962378643	136.63611697827
0.432	131.336683636122	126.572332190116	136.28037162676
0.448	130.980169897181	126.214715273762	135.925552492695
0.464	130.624623915629	125.858108766687	135.571657164578
0.48	130.270043064486	125.502509814084	135.218683237191
0.496	129.916424723905	125.147915569215	134.866628311578
0.512	129.563766281146	124.794323193381	134.515489995028
0.528	129.212065130566	124.441729855906	134.165265901062
0.544	128.861318673593	124.090132734112	133.815953649412
0.56	128.511524318708	123.739529013296	133.467550866009
0.576	128.162679481429	123.389915886705	133.120055182964
0.592	127.814781584287	123.041290555521	132.773464238553
0.608	127.467828056811	122.69365022883	132.427775677203
0.624	127.121816335508	122.346992123604	132.082987149471
0.64	126.776743863841	122.00131346468	131.739096312033
0.656	126.432608092217	121.656611484734	131.396100827665
0.672	126.089406477961	121.312883424261	131.05399836523
0.688	125.7471364853	120.970126531554	130.712786599657
0.704	125.405795585344	120.62833806268	130.372463211931
0.72	125.065381256071	120.287515281458	130.033025889075
0.736	124.725890982301	119.947655459437	129.694472324134
0.752	124.387322255683	119.608755875879	129.356800216157
0.768	124.049672574676	119.270813817729	129.020007270186
0.784	123.712939444529	118.933826579598	128.684091197239
0.8	123.377120377261	118.597791463743	128.349049714291
0.816	123.042212891647	118.262705780041	128.014880544262
0.832	122.708214513196	117.928566845972	127.681581416002
0.848	122.375122774135	117.595371986592	127.349150064273
0.864	122.042935213388	117.263118534517	127.017584229734
0.88	121.711649376563	116.9318038299	126.686881658927
0.896	121.381262815927	116.601425220406	126.357040104263
0.912	121.051773090392	116.271980061198	126.028057324002
0.928	120.723177765498	115.943465714908	125.699931082241
0.944	120.395474413393	115.615879551622	125.372659148901
0.96	120.068660612813	115.289218948856	125.046239299706
0.976	119.742733949069	114.963481291534	124.720669316173
0.992	119.417692014026	114.638663971972	124.395946985594
1.008	119.093532406086	114.31476438985	124.072070101023
1.024	118.77025273017	113.991779952197	123.74903646126
1.04	118.4478505977	113.669708073369	123.426843870835
1.056	118.126323626583	113.348546175025	123.105490139994
1.072	117.80566944119	113.02829168611	122.784973084686
1.088	117.485885672344	112.708942042834	122.465290526544
1.104	117.166969957296	112.39049468865	122.146440292875
1.12	116.848919939712	112.072947074234	121.828420216642
1.136	116.531733269655	111.756296657466	121.511228136449
1.152	116.215407603565	111.440540903407	121.194861896528
1.168	115.899940604245	111.12567728428	120.879319346725
1.184	115.585329940843	110.811703279452	120.564598342482
1.2	115.271573288831	110.498616375411	120.250696744826
1.216	114.958668329995	110.186414065745	119.937612420353
1.232	114.646612752412	109.875093851126	119.625343241213
1.248	114.335404250433	109.564653239286	119.313887085096
1.264	114.02504052467	109.255089745	119.003241835218
1.28	113.715519281976	108.946400890062	118.693405380306
1.296	113.406838235429	108.638584203271	118.384375614584
1.312	113.098995104314	108.331637220407	118.07615043776
1.328	112.791987614108	108.025557484212	117.768727755007
1.344	112.485813496461	107.720342544372	117.462105476955
1.36	112.180470489183	107.415989957494	117.156281519672
1.376	111.875956336221	107.112497287089	116.851253804655
1.392	111.572268787649	106.809862103555	116.547020258808
1.408	111.269405599647	106.50808198415	116.243578814435
1.424	110.967364534487	106.207154512982	115.940927409223
1.44	110.666143360514	105.90707728098	115.63906398623
1.456	110.365739852131	105.607847885883	115.337986493867
1.472	110.066151789784	105.309463932216	115.037692885888
1.488	109.767376959942	105.011923031273	114.738181121374
1.504	109.469413155083	104.715222801096	114.439449164719
1.52	109.172258173679	104.419360866458	114.141494985619
1.536	108.875909820176	104.124334858842	113.844316559054
1.552	108.58036590498	103.830142416424	113.547911865278
1.568	108.285624244443	103.536781184052	113.252278889803
1.584	107.991682660842	103.244248813228	112.957415623384
1.6	107.698538982366	102.952542962092	112.663320062011
1.616	107.406191043099	102.661661295398	112.369990206889
1.632	107.114636683007	102.371601484498	112.077424064427
1.648	106.823873747916	102.082361207325	111.785619646226
1.664	106.533900089501	101.793938148372	111.494574969063
1.68	106.244713565269	101.506329998674	111.204288054878
1.696	105.956312038543	101.219534455791	110.914756930763
1.712	105.668693378444	100.933549223786	110.625979628944
1.728	105.381855459879	100.64837201321	110.337954186773
1.744	105.095796163524	100.364000541084	110.05067864671
1.76	104.810513375807	100.080432530876	109.764151056313
1.776	104.526004988893	99.7976657124909	109.478369468221
1.792	104.24226890067	99.515697822243	109.193331940147
1.808	103.95930301473	99.2345266028449	108.909036534857
1.824	103.677105240358	98.9541498033859	108.625481320163
1.84	103.395673492514	98.6745651793155	108.342664368908
1.856	103.115005691816	98.3957704924248	108.060583758951
1.872	102.835099764528	98.1177635108287	107.779237573156
1.888	102.555953642542	97.8405420089482	107.498623899379
1.904	102.277565263367	97.5641037674923	107.218740830454
1.92	101.999932570106	97.2884465734403	106.93958646418
1.936	101.723053511449	97.0135682200245	106.66115890331
1.952	101.446926041653	96.7394665067116	106.383456255536
1.968	101.171548120528	96.4661392391863	106.106476633475
1.984	100.896917713422	96.1935842293327	105.830218154661
2	100.623032791207	95.9217992952175	105.554678941528
2.016	100.349891330263	95.6507822610719	105.279857121397
2.032	100.077491312461	95.3805309572748	105.005750826467
2.048	99.8058307251535	95.1110432203349	104.732358193799
2.064	99.5349075611538	94.8423168928739	104.459677365303
2.08	99.2647198187247	94.5743498236085	104.187706487729
2.096	98.9952655015625	94.3071398673341	103.91644371265
2.112	98.7265426187829	94.0406848849068	103.645887196454
2.128	98.4585491849053	93.774982743227	103.376035100327
2.144	98.191283219839	93.5100313152215	103.106885590243
2.16	97.9247427488682	93.2458284798273	102.838436836952
2.176	97.6589258026373	92.9823721219741	102.570687015965
2.192	97.393830417137	92.7196601325674	102.303634307545
2.208	97.1294546336887	92.4576904084719	102.037276896691
2.224	96.8657964989311	92.1964608524944	101.771612973129
2.24	96.602854064805	91.9359693733671	101.506640731298
2.256	96.3406253885394	91.676213885731	101.242358370337
2.272	96.0791085326368	91.4171923101187	100.978764094075
2.288	95.8183015648594	91.1589025729387	100.715856111017
2.304	95.5582025582139	90.9013426064576	100.453632634332
2.32	95.2988095909383	90.6445103487846	100.192091881841
2.336	95.0401207464871	90.3884037438543	99.9312320760061
2.352	94.782134113517	90.1330207414106	99.6710514439165
2.368	94.5248477858735	89.8783592969903	99.4115482172777
2.384	94.268259862576	89.6244173719063	99.1527206323991
2.4	94.0123684478044	89.3711929332321	98.8945669301819
2.416	93.7571716508844	89.1186839537845	98.6370853561074
2.432	93.5026675862744	88.8668884121081	98.3802741602252
2.448	93.2488543735509	88.6158042924591	98.1241315971405
2.464	92.9957301373947	88.3654295847886	97.8686559260033
2.48	92.7432930075774	88.1157622847272	97.6138454104957
2.496	92.4915411189471	87.8668003935685	97.3596983188209
2.512	92.240472611415	87.6185419182533	97.1062129236905
2.528	91.9900856299416	87.3709848713535	96.8533875023138
2.544	91.7403783245227	87.1241272710562	96.601220336385
2.56	91.4913488501761	86.8779671411482	96.3497097120726
2.576	91.2429953669276	86.6325025109996	96.0988539200068
2.592	90.9953160397979	86.3877314155484	95.8486512552685
2.608	90.7483090387886	86.1436518952847	95.5991000173776
2.624	90.5019725388689	85.900261996235	95.3501985102812
2.64	90.2563047199618	85.6575597699466	95.1019450423423
2.656	90.0113037669314	85.4155432734717	94.8543379263283
2.672	89.7669678695684	85.1742105693523	94.6073754793993
2.688	89.5232952225779	84.9335597256046	94.361056023097
2.704	89.280284025565	84.6935888157031	94.1153778833333
2.72	89.0379324830222	84.4542959185658	93.8703393903783
2.736	88.7962388043159	84.2156791185383	93.6259388788498
2.752	88.5552012036732	83.977736505379	93.3821746877012
2.768	88.3148179001685	83.7404661742429	93.1390451602111
2.784	88.0750871177109	83.5038662256674	92.896548643971
2.8	87.8360070850303	83.2679347655567	92.6546834908751
2.816	87.5975760356649	83.0326699051663	92.4134480571081
2.832	87.359792207948	82.7980697610882	92.172840703135
2.848	87.1226538449948	82.5641324552359	91.9328597936892
2.864	86.8861591946898	82.3308561148291	91.6935036977619
2.88	86.6503065096735	82.0982388723791	91.4547707885903
2.896	86.4150940473295	81.8662788656732	91.2166594436478
2.912	86.1805200697719	81.6349742377603	90.9791680446315
2.928	85.9465828438322	81.4043231369363	90.7422949774523
2.944	85.7132806410467	81.1743237167283	90.5060386322234
2.96	85.4806117376434	80.944974135881	90.2703974032495
2.976	85.2485744145298	80.716272558341	90.0353696890161
2.992	85.0171669572795	80.4882171532425	89.8009538921779
3.008	84.7863876561203	80.2608060948928	89.5671484195491
3.024	84.556234805921	80.0340375627573	89.3339516820912
3.04	84.3267067061788	79.8079097414453	89.1013620949036
3.056	84.0978016610074	79.5824208206953	88.8693780772117
3.072	83.8695179791234	79.3575689953602	88.6379980523567
3.088	83.6418539738348	79.1333524653936	88.4072204477847
3.104	83.4148079630281	78.9097694358348	88.1770436950365
3.12	83.1883782691557	78.6868181167943	87.9474662297359
3.136	82.9625632192239	78.46449672344	87.7184864915803
3.152	82.7373611447801	78.2428034759826	87.4901029243291
3.168	82.5127703819011	78.0217365996615	87.2623139757937
3.184	82.2887892711801	77.8012943247303	87.0351180978268
3.2	82.0654161577149	77.5814748864431	86.8085137463117
3.216	81.8426493910955	77.3622765250399	86.5824993811521
3.232	81.6204873253919	77.1436974857327	86.3570734662614
3.248	81.3989283191421	76.9257360186916	86.1322344695524
3.264	81.1779707353398	76.7083903790306	85.9079808629269
3.28	80.9576129414223	76.4916588267938	85.684311122265
3.296	80.7378533092585	76.2755396269411	85.4612237274153
3.312	80.518690215137	76.0600310493348	85.2387171621842
3.328	80.3001220397537	75.8451313687256	85.0167899143253
3.344	80.0821471682005	75.6308388647384	84.7954404755302
3.36	79.8647639899527	75.417151821859	84.5746673414166
3.376	79.6479708988572	75.2040685294203	84.35446901152
3.392	79.4317662931213	74.9915872815885	84.1348439892815
3.408	79.2161485752999	74.7797063773493	83.9157907820396
3.424	79.0011161522845	74.5684241204945	83.6973079010183
3.44	78.7866674352909	74.3577388196085	83.4793938613183
3.456	78.5728008398477	74.1476487880543	83.262047181906
3.472	78.3595147857846	73.9381523439608	83.0452663856041
3.488	78.1468076972207	73.7292478102083	82.8290499990812
3.504	77.9346780025527	73.5209335144161	82.6133965528418
3.52	77.7231241344435	73.3132077889283	82.3983045812163
3.536	77.5121445298106	73.106068970801	82.1837726223514
3.552	77.3017376298144	72.8995154017888	81.9697992181995
3.568	77.0919018798468	72.6935454283311	81.7563829145094
3.584	76.8826357295197	72.48815740154	81.5435222608163
3.6	76.6739376326536	72.2833496771854	81.3312158104315
3.616	76.4658060472659	72.0791206156837	81.1194621204332
3.632	76.25823943556	71.8754685820833	80.9082597516561
3.648	76.0512362639133	71.672391946052	80.6976072686822
3.664	75.8447950028666	71.4698890818641	80.4875032398304
3.68	75.6389141271122	71.2679583683872	80.2779462371476
3.696	75.4335921154829	71.066598189069	80.068934836398
3.712	75.2288274509407	70.8658069319249	79.8604676170543
3.728	75.0246186205655	70.6655829895245	79.6525431622874
3.744	74.8209641155443	70.4659247589794	79.4451600589575
3.76	74.6178624311596	70.2668306419296	79.2383168976035
3.776	74.4153120667784	70.0682990445315	79.0320122724343
3.792	74.2133115258412	69.8703283774443	78.8262447813188
3.808	74.0118593158511	69.6729170558182	78.6210130257767
3.824	73.8109539483623	69.4760634992807	78.4163156109683
3.84	73.6105939389697	69.2797661319249	78.2121511456859
3.856	73.4107778072973	69.0840233822963	78.008518242344
3.872	73.2115040769879	68.8888336833803	77.8054155169696
3.888	73.0127712756915	68.6941954725899	77.6028415891928
3.904	72.8145779350551	68.5001071917529	77.4007950822382
3.92	72.6169225907116	68.3065672870997	77.1992746229146
3.936	72.4198037822686	68.1135742092506	76.9982788416059
3.952	72.2232200532983	67.9211264132034	76.7978063722624
3.968	72.0271699513261	67.7292223583214	76.5978558523905
3.984	71.8316520278202	67.5378605083205	76.3984259230445
4	71.6366648381809	67.3470393312577	76.1995152288163
4.016	71.4422069417299	67.1567572995177	76.0011224178273
4.032	71.2482769016997	66.967012889802	75.8032461417182
4.048	71.0548732852227	66.7778045831154	75.6058850556406
4.064	70.8619946633209	66.5891308647548	75.4090378182473
4.08	70.6696396108952	66.4009902242967	75.2127030916835
4.096	70.4778067067151	66.2133811555851	75.0168795415778
4.112	70.2864945334081	66.0263021567195	74.8215658370327
4.128	70.0957016774488	65.8397517300428	74.626760650616
4.144	69.905426729149	65.6537283821296	74.4324626583516
4.16	69.7156682826473	65.4682306237738	74.2386705397104
4.176	69.5264249358983	65.2832569699768	74.0453829776014
4.192	69.3376952906625	65.0988059399361	73.852598658363
4.208	69.1494779524958	64.9148760570326	73.6603162717536
4.224	68.9617715307397	64.7314658488196	73.468534510943
4.24	68.7745746385101	64.5485738470104	73.2772520725036
4.256	68.587885892688	64.3661985874669	73.0864676564012
4.272	68.4017039139089	64.1843386101878	72.8961799659864
4.288	68.2160273265524	64.0029924592968	72.7063877079861
4.304	68.0308547587322	63.8221586830311	72.5170895924937
4.32	67.8461848422861	63.6418358337296	72.3282843329616
4.336	67.6620162127658	63.4620224678214	72.1399706461915
4.352	67.4783475094268	63.2827171458146	71.9521472523263
4.368	67.2951773752181	63.1039184322839	71.7648128748407
4.384	67.1125044567729	62.9256248958601	71.5779662405336
4.4	66.9303274043975	62.7478351092179	71.3916060795182
4.416	66.7486448720625	62.5705476490649	71.2057311252143
4.432	66.5674555173921	62.39376109613	71.0203401143392
4.448	66.3867580016543	62.2174740351522	70.8354317868994
4.464	66.2065509897511	62.041685054869	70.651004886182
4.48	66.0268331502087	61.8663927480054	70.4670581587457
4.496	65.8476031551676	61.6915957112625	70.2835903544131
4.512	65.6688596803728	61.5172925453063	70.1006002262614
4.528	65.4906014051638	61.3434818547564	69.9180865306147
4.544	65.3128270124653	61.1701622481749	69.7360480270345
4.56	65.135535188777	60.9973323380553	69.5544834783126
4.576	64.9587246241642	60.8249907408113	69.3733916504615
4.592	64.7823940122481	60.653136076766	69.1927713127068
4.608	64.6065420501958	60.4817669701402	69.0126212374782
4.624	64.4311674387112	60.3108820490424	68.832940200402
4.64	64.2562688820249	60.1404799454567	68.6537269802917
4.656	64.0818450878853	59.9705592952326	68.4749803591407
4.672	63.9078947675482	59.8011187380739	68.2966991221135
4.688	63.7344166357678	59.6321569175278	68.1188820575374
4.704	63.5614094107872	59.4636724809739	67.9415279568946
4.72	63.3888718143287	59.2956640796135	67.7646356148137
4.736	63.2168025715847	59.128130368459	67.5882038290614
4.752	63.0452004112079	58.9610700063226	67.4122314005351
4.768	62.874064065302	58.7944816558062	67.2367171332535
4.784	62.7033922694126	58.62836398329	67.0616598343496
4.8	62.5331837625175	58.4627156589226	66.8870583140621
4.816	62.3634372870178	58.2975353566098	66.7129113857271
4.832	62.194151588728	58.132821754004	66.5392178657705
4.848	62.0253254168673	57.968573532494	66.3659765736998
4.864	61.8569575240503	57.804789377194	66.1931863320959
4.88	61.6890466662771	57.6414679769333	66.0208459666052
4.896	61.5215916029254	57.478608024246	65.8489543059319
4.912	61.3545910967399	57.3162082153599	65.6775101818293
4.928	61.1880439138241	57.1542672501869	65.5065124290929
4.944	61.021948823631	56.992783832312	65.3359598855515
4.96	60.8563045989538	56.8317566689829	65.1658513920599
4.976	60.691110015917	56.6711844711001	64.9961857924909
4.992	60.5263638539673	56.5110659532061	64.8269619337273
5.008	60.3620648958646	56.3513998334755	64.6581786656541
5.024	60.198211927673	56.1921848337045	64.4898348411509
5.04	60.0348037387518	56.0334196793008	64.3219293160838
5.056	59.8718391217466	55.8751030992731	64.1544609492977
5.072	59.7093168725804	55.7172338262215	63.987428602609
5.088	59.5472357904447	55.5598105963266	63.8208311407969
5.104	59.3855946777906	55.4028321493403	63.6546674315967
5.12	59.2243923403197	55.2462972285746	63.4889363456914
5.136	59.0636275869759	55.0902045808926	63.3236367567045
5.152	58.903299229936	54.9345529566978	63.1587675411919
5.168	58.7434060846011	54.7793411099244	62.9943275786348
5.184	58.5839469695882	54.6245677980272	62.8303157514314
5.2	58.4249207067208	54.4702317819717	62.66673094489
5.216	58.2663261210208	54.316331826224	62.503572047221
5.232	58.1081620406995	54.1628666987413	62.3408379495293
5.248	57.950427297149	54.0098351709617	62.1785275458072
5.264	57.7931207249336	53.8572360177945	62.0166397329264
5.28	57.6362411617812	53.7050680176103	61.8551734106307
5.296	57.4797874485748	53.5533299522314	61.6941274815287
5.312	57.3237584293436	53.4020206069219	61.5335008510859
5.328	57.1681529512548	53.2511387703779	61.3732924276178
5.344	57.012969864605	53.1006832347181	61.213501122282
5.36	56.8582080228116	52.9506527954736	61.0541258490711
5.376	56.7038662824045	52.8010462515791	60.8951655248053
5.392	56.5499435030174	52.6518624053624	60.7366190691246
5.408	56.3964385473798	52.5031000625354	60.5784854044824
5.424	56.2433502813079	52.3547580321842	60.4207634561372
5.44	56.0906775736971	52.2068351267597	60.2634521521457
5.456	55.9384192965127	52.0593301620682	60.1065504233556
5.472	55.7865743247827	51.9122419572619	59.9500572033983
5.488	55.6351415365882	51.7655693348291	59.7939714286814
5.504	55.4841198130561	51.6193111205852	59.638292038382
5.52	55.3335080383503	51.4734661436631	59.4830179744388
5.536	55.1833050996639	51.3280332365039	59.3281481815455
5.552	55.0335098872105	51.1830112348474	59.1736816071432
5.568	54.8841212942162	51.0383989777231	59.0196172014136
5.584	54.7351382169116	50.8941953074405	58.8659539172716
5.6	54.5865595545233	50.7503990695801	58.7126907103585
5.616	54.4383842092662	50.6070091129843	58.5598265390343
5.632	54.2906110863349	50.4640242897475	58.4073603643713
5.648	54.1432390938959	50.3214434552079	58.2552911501468
5.664	53.9962671430797	50.1792654679374	58.1036178628357
5.68	53.8496941479721	50.0374891897333	57.9523394716042
5.696	53.7035190256071	49.8961134856083	57.801454948302
5.712	53.5577406959582	49.7551372237823	57.6509632674557
5.728	53.4123580819305	49.6145592756728	57.5008634062622
5.744	53.2673701093531	49.4743785158859	57.3511543445811
5.76	53.1227757069708	49.3345938222074	57.2018350649279
5.776	52.9785738064363	49.1952040755939	57.0529045524675
5.792	52.8347633423026	49.0562081601637	56.9043617950069
5.808	52.6913432520146	48.9176049631879	56.7562057829883
5.824	52.5483124759014	48.7793933750813	56.6084355094827
5.84	52.405669957169	48.6415722893942	56.4610499701825
5.856	52.2634146418916	48.5041406028025	56.3140481633948
5.872	52.1215454790047	48.3670972150998	56.1674290900351
5.888	51.9800614202966	48.2304410291882	56.0211917536198
5.904	51.8389614204011	48.0941709510693	55.8753351602599
5.92	51.6982444367896	47.9582858898359	55.7298583186538
5.936	51.5579094297637	47.822784757663	55.5847602400813
5.952	51.4179553624468	47.687666469799	55.4400399383961
5.968	51.2783812007772	47.5529299445573	55.2956964300195
5.984	51.1391859135003	47.4185741033075	55.1517287339337
6	51.0003684721605	47.2845978704666	55.008135871675
6.016	50.8619278510942	47.1510001734908	54.8649168673273
6.032	50.7238630274218	47.0177799428664	54.7220707475154
6.048	50.5861729810403	46.8849361121017	54.5795965413982
6.064	50.4488566946161	46.752467617718	54.4374932806625
6.08	50.3119131535768	46.6203733992417	54.2957599995161
6.096	50.1753413461041	46.4886523991953	54.1543957346812
6.112	50.0391402631264	46.3573035630889	54.0133995253884
6.128	49.9033088983111	46.2263258394123	53.8727704133693
6.144	49.7678462480576	46.095718179626	53.7325074428506
6.16	49.6327513114891	45.965479538153	53.5926096605476
6.176	49.4980230904461	45.8356088723707	53.4530761156574
6.192	49.3636605894783	45.7061051426021	53.3139058598526
6.208	49.2296628158378	45.5769673121078	53.1750979472749
6.224	49.0960287794713	45.4481943470776	53.0366514345288
6.24	48.9627574930132	45.3197852166222	52.8985653806747
6.256	48.8298479717781	45.191738892765	52.7608388472231
6.272	48.6972992337532	45.0640543504338	52.6234708981277
6.288	48.5651102995918	44.9367305674526	52.4864605997797
6.304	48.4332801926054	44.8097665245335	52.3498070210005
6.32	48.3018079387568	44.6831612052686	52.2135092330363
6.336	48.1706925666528	44.5569135961216	52.0775663095513
6.352	48.039933107537	44.4310226864199	51.9419773266215
6.368	47.9095285952829	44.3054874683464	51.8067413627284
6.384	47.7794780663863	44.1803069369316	51.6718574987528
6.4	47.6497805599585	44.0554800900452	51.5373248179684
6.416	47.5204351177193	43.9310059283887	51.4031424060359
6.432	47.3914407839895	43.8068834554865	51.2693093509964
6.448	47.2627966056843	43.683111677679	51.1358247432654
6.464	47.1345016323059	43.5596896041137	51.0026876756266
6.48	47.0065549159368	43.4366162467377	50.8698972432259
6.496	46.8789555112324	43.3138906202898	50.7374525435647
6.512	46.7517024754145	43.1915117422927	50.6053526764945
6.528	46.6247948682638	43.0694786330447	50.4735967442102
6.544	46.4982317521134	42.9477903156123	50.3421838512444
6.56	46.3720121918417	42.8264458158222	50.211113104461
6.576	46.2461352548655	42.7054441622536	50.0803836130493
6.592	46.120600011133	42.5847843862302	49.9499944885179
6.608	45.995405533117	42.4644655218127	49.8199448446887
6.624	45.8705508958083	42.3444866057909	49.6902337976909
6.64	45.7460351767084	42.2248466776761	49.5608604659548
6.656	45.6218574558231	42.1055447796934	49.4318239702061
6.672	45.4980168156553	41.9865799567739	49.3031234334597
6.688	45.3745123411987	41.8679512565472	49.1747579810139
6.704	45.2513431199307	41.7496577293337	49.0467267404441
6.72	45.1285082418057	41.631698428137	48.9190288415975
6.736	45.0060067992484	41.5140724086363	48.7916634165867
6.752	44.8838378871472	41.3967787291791	48.6646295997838
6.768	44.7620006028474	41.2798164507732	48.5379265278148
6.784	44.6404940461445	41.1631846370795	48.4115533395534
6.8	44.5193173192777	41.0468823544045	48.2855091761157
6.816	44.3984695269232	40.9309086716927	48.1597931808535
6.832	44.2779497761873	40.8152626605191	48.0344044993493
6.848	44.1577571766004	40.6999433950821	47.9093422794101
6.864	44.0378908401098	40.5849499521955	47.7846056710615
6.88	43.9183498810737	40.4702814112819	47.6601938265423
6.896	43.7991334162542	40.3559368543646	47.5361059002985
6.912	43.6802405648109	40.2419153660607	47.4123410489774
6.928	43.5616704482946	40.1282160335734	47.2888984314223
6.944	43.4434221906405	40.0148379466851	47.1657772086663
6.96	43.325494918162	39.90178019775	47.042976543927
6.976	43.2078877595441	39.7890418816865	46.9204956026006
6.992	43.090599845837	39.6766220959704	46.7983335522563
7.008	42.9736303104495	39.5645199406275	46.6764895626304
7.024	42.856978289143	39.4527345182263	46.5549628056212
7.04	42.7406429200247	39.3412649338708	46.4337524552829
7.056	42.6246233435416	39.2301102951938	46.31285768782
7.072	42.5089187024738	39.119269712349	46.192277681582
7.088	42.3935281419283	39.0087422980044	46.0720116170576
7.104	42.2784508093328	38.8985271673351	45.9520586768692
7.12	42.1636858544294	38.7886234380162	45.8324180457673
7.136	42.049232429268	38.6790302302157	45.7130889106249
7.152	41.9350896882003	38.5697466665874	45.5940704604322
7.168	41.8212567878738	38.4607718722641	45.4753618862908
7.184	41.707732887225	38.3521049748502	45.3569623814085
7.2	41.5945171474734	38.2437451044151	45.2388711410935
7.216	41.4816087321157	38.1356913934863	45.1210873627492
7.232	41.3690068069191	38.027942977042	45.0036102458687
7.248	41.2567105399151	37.9204989925044	44.886438992029
7.264	41.1447191013941	37.8133585797329	44.7695728048863
7.28	41.0330316638983	37.7065208810173	44.6530108901698
7.296	40.9216474022163	37.5999850410706	44.5367524556768
7.312	40.8105654933765	37.4937502070222	44.4207967112673
7.328	40.6997851166414	37.3878155284115	44.3051428688582
7.344	40.5893054535015	37.2821801571805	44.1897901424186
7.36	40.479125687669	37.1768432476676	44.0747377479638
7.376	40.3692450050719	37.0718039566002	43.9599849035504
7.392	40.2596625938482	36.9670614430885	43.8455308292711
7.408	40.1503776443393	36.8626148686185	43.7313747472487
7.424	40.0413893490848	36.7584633970454	43.6175158816317
7.44	39.9326969028161	36.6546061945866	43.5039534585883
7.456	39.8242995024503	36.5510424298155	43.3906867063016
7.472	39.7161963470846	36.4477712736545	43.2777148549643
7.488	39.6083866379904	36.3447918993686	43.1650371367731
7.504	39.500869578607	36.2421034825585	43.052652785924
7.52	39.393644374536	36.1397052011542	42.9405610386066
7.536	39.2867102335355	36.0375962354084	42.8287611329994
7.552	39.1800663655142	35.9357757678899	42.7172523092642
7.568	39.0737119825253	35.834242983477	42.6060338095413
7.584	38.9676462987611	35.7329970693512	42.495104877944
7.6	38.8618685305467	35.6320372149905	42.3844647605536
7.616	38.7563778963348	35.5313626121627	42.2741127054143
7.632	38.6511736166995	35.4309724549195	42.1640479625284
7.648	38.5462549143305	35.3308659395895	42.0542697838504
7.664	38.4416210140278	35.2310422647722	41.9447774232828
7.68	38.3372711426953	35.1315006313311	41.8355701366705
7.696	38.2332045293358	35.0322402423877	41.7266471817958
7.712	38.1294204050449	34.9332603033152	41.6180078183735
7.728	38.0259180030052	34.8345600217317	41.5096513080459
7.744	37.9226965584812	34.736138607494	41.4015769143776
7.76	37.819755308813	34.6379952726917	41.2937839028504
7.776	37.7170934934108	34.5401292316403	41.1862715408589
7.792	37.6147103537499	34.4425397008752	41.0790390977047
7.808	37.5126051333642	34.3452258991455	40.9720858445922
7.824	37.4107770778411	34.2481870474075	40.8654110546229
7.84	37.309225434816	34.1514223688188	40.7590140027912
7.856	37.2079494539666	34.0549310887318	40.652893965979
7.872	37.1069483870072	33.9587124346874	40.5470502229509
7.888	37.0062214876834	33.8627656364093	40.4414820543491
7.904	36.9057680117664	33.7670899257974	40.3361887426892
7.92	36.8055872170479	33.6716845369217	40.2311695723544
7.936	36.705678363334	33.5765487060164	40.1264238295912
7.952	36.6060407124402	33.4816816714736	40.0219508025045
7.968	36.506673528186	33.3870826738372	39.9177497810527
7.984	36.4075760763888	33.2927509557968	39.8138200570428
8	36.3087476248593	33.198685762182	39.7101609241257
8.016	36.2101874433957	33.1048863399558	39.6067716777911
8.032	36.1118948037783	33.0113519382087	39.5036516153634
8.048	36.0138689797639	32.9180818081531	39.4008000359961
8.064	35.9161092470812	32.825075203117	39.2982162406677
8.08	35.8186148834244	32.7323313785378	39.1958995321765
8.096	35.7213851684489	32.6398495919568	39.093849215136
8.112	35.624419383765	32.5476291030131	38.9920645959703
8.128	35.5277168129334	32.4556691734373	38.8905449829094
8.144	35.4312767414595	32.3639690670463	38.7892896859842
8.16	35.3350984567881	32.2725280497366	38.6882980170219
8.176	35.2391812482983	32.1813453894791	38.5875692896418
8.192	35.1435244072983	32.090420356313	38.48710281925
8.208	35.0481272270199	31.9997522223398	38.386897923035
8.224	34.9529890026133	31.9093402617176	38.2869539199632
8.24	34.8581090311424	31.8191837506553	38.187270130774
8.256	34.7634866115788	31.7292819674069	38.0878458779754
8.272	34.6691210447974	31.6396341922655	37.9886804858393
8.288	34.5750116335705	31.5502397075578	37.8897732803969
8.304	34.4811576825635	31.4610977976379	37.7911235894341
8.32	34.3875584983288	31.3722077488823	37.6927307424871
8.336	34.2942133893016	31.2835688496834	37.5945940708377
8.352	34.201121665794	31.1951803904445	37.4967129075087
8.368	34.1082826399904	31.1070416635736	37.3990865872594
8.384	34.0156956259424	31.0191519634778	37.3017144465812
8.4	33.9233599395634	30.931510586558	37.204595823693
8.416	33.8312748986239	30.8441168312031	37.1077300585368
8.432	33.7394398227462	30.7569699977841	37.0111164927729
8.448	33.6478540333995	30.6700693886488	36.9147544697759
8.464	33.5565168538951	30.5834143081163	36.8186433346297
8.48	33.4654276093809	30.4970040624711	36.7227824341237
8.496	33.3745856268367	30.4108379599578	36.6271711167476
8.512	33.2839902350695	30.3249153107754	36.5318087326877
8.528	33.1936407647078	30.2392354270719	36.436694633822
8.544	33.1035365481975	30.1537976229389	36.341828173716
8.56	33.0136769197965	30.0686012144057	36.2472087076182
8.576	32.9240612155697	29.9836455194342	36.1528355924557
8.592	32.8346887733843	29.8989298579136	36.0587081868302
8.608	32.745558932905	29.8144535516541	35.964825851013
8.624	32.656671035589	29.7302159243827	35.8711879469412
8.64	32.5680244246808	29.6462163017366	35.7777938382131
8.656	32.4796184452079	29.5624540112586	35.6846428900839
8.672	32.3914524439759	29.4789283823915	35.5917344694615
8.688	32.3035257695631	29.3956387464726	35.499067944902
8.704	32.2158377723163	29.3125844367284	35.4066426866057
8.72	32.1283878043458	29.2297647882695	35.3144580664124
8.736	32.0411752195207	29.1471791380847	35.2225134577976
8.752	31.9541993734636	29.0648268250364	35.1308082358679
8.768	31.8674596235468	28.9827071898549	35.039341777357
8.784	31.7809553288867	28.9008195751332	34.9481134606211
8.8	31.6946858503394	28.8191633253216	34.8571226656351
8.816	31.6086505504961	28.7377377867227	34.7663687739882
8.832	31.522848793678	28.6565423074861	34.6758511688795
8.848	31.4372799459322	28.5755762376031	34.5855692351143
8.864	31.3519433750263	28.4948389289015	34.4955223590993
8.88	31.2668384504443	28.4143297350403	34.405709928839
8.896	31.1819645433818	28.3340480115051	34.3161313339312
8.912	31.0973210267411	28.253993115602	34.2267859655628
8.928	31.0129072751269	28.1741644064532	34.1376732165062
8.944	30.9287226648415	28.0945612449918	34.0487924811142
8.96	30.8447665738802	28.0151829939563	33.960143155317
8.976	30.7610383819267	27.9360290178856	33.8717246366172
8.992	30.6775374703487	27.8570986831144	33.7835363240863
9.008	30.5942632221931	27.7783913577674	33.6955776183601
9.024	30.5112150221813	27.6999064117548	33.6078479216353
9.04	30.4283922567053	27.621643216767	33.5203466376646
9.056	30.3457943138225	27.5436011462696	33.4330731717534
9.072	30.2634205832513	27.4657795754984	33.3460269307552
9.088	30.1812704563669	27.3881778814545	33.2592073230682
9.104	30.0993433261967	27.3107954428992	33.1726137586305
9.12	30.0176385874154	27.2336316403488	33.0862456489166
9.136	29.9361556363411	27.1566858560703	33.0001024069333
9.152	29.8548938709306	27.0799574740756	32.9141834472158
9.168	29.7738526907749	27.0034458801175	32.8284881858235
9.184	29.6930314970947	26.9271504616838	32.7430160403361
9.2	29.6124296927363	26.8510706079932	32.6577664298498
9.216	29.5320466821668	26.7752057099901	32.5727387749732
9.232	29.45188187147	26.6995551603395	32.4879324978234
9.248	29.3719346683417	26.6241183534225	32.403347022022
9.264	29.2922044820858	26.5488946853314	32.3189817726914
9.28	29.2126907236094	26.4738835538646	32.2348361764506
9.296	29.1333928054188	26.3990843585222	32.1509096614116
9.312	29.0543101416151	26.3244965005006	32.0672016571752
9.328	28.9754421478896	26.2501193826884	31.9837115948275
9.344	28.89678824152	26.175952409661	31.9004389069356
9.36	28.8183478413656	26.1019949876764	31.8173830275442
9.376	28.7401203678632	26.0282465246699	31.7345433921713
9.392	28.6621052430231	25.9547064302497	31.6519194378046
9.408	28.5843018904242	25.8813741156921	31.5695106028979
9.424	28.5067097352103	25.8082489939369	31.4873163273667
9.44	28.4293282040856	25.7353304795823	31.4053360525851
9.456	28.3521567253105	25.6626179888807	31.3235692213813
9.472	28.2751947286974	25.5901109397338	31.2420152780343
9.488	28.1984416456064	25.5178087516879	31.16067366827
9.504	28.1218969089414	25.4457108459294	31.0795438392573
9.52	28.0455599531454	25.3738166452799	30.9986252396047
9.536	27.9694302141969	25.302125574192	30.9179173193559
9.552	27.8935071296051	25.2306370587442	30.8374195299869
9.568	27.8177901384063	25.1593505266367	30.7571313244014
9.584	27.7422786811595	25.0882654071867	30.6770521569279
9.6	27.6669721999424	25.0173811313238	30.5971814833155
9.616	27.591870138347	24.9466971315853	30.51751876073
9.632	27.5169719414757	24.8762128421119	30.4380634477511
9.648	27.4422770559373	24.8059276986432	30.3588150043675
9.664	27.3677849298427	24.7358411385128	30.2797728919745
9.68	27.293495012801	24.6659526006444	30.2009365733692
9.696	27.219406755915	24.5962615255465	30.1223055127476
9.712	27.145519611778	24.5267673553089	30.0438791757007
9.728	27.0718330344687	24.4574695335973	29.9656570292109
9.744	26.9983464795482	24.3883675056495	29.8876385416483
9.76	26.9250594040551	24.3194607182707	29.8098231827671
9.776	26.8519712665022	24.2507486198289	29.7322104237022
9.792	26.7790815268718	24.1822306602509	29.6547997369654
9.808	26.7063896466123	24.1139062910177	29.5775905964418
9.824	26.6338950886341	24.0457749651598	29.5005824773863
9.84	26.5615973173053	23.9778361372534	29.4237748564201
9.856	26.489495798448	23.9100892634156	29.347167211527
9.872	26.4175899993346	23.8425338013003	29.27075902205
9.888	26.3458793886832	23.7751692100935	29.1945497686876
9.904	26.2743634366543	23.7079949505094	29.1185389334903
9.92	26.2030416148467	23.6410104847859	29.0427259998573
9.936	26.1319133962935	23.5742152766803	28.9671104525327
9.952	26.060978255458	23.5076087914648	28.8916917776021
9.968	25.9902356682304	23.4411904959228	28.8164694624893
9.984	25.9196851119234	23.3749598583438	28.7414429959524
10	25.8493260652687	23.3089163485199	28.6666118680807
10.016	25.7791580084129	23.2430594377411	28.5919755702911
10.032	25.7091804229137	23.1773885987914	28.5175335953247
10.048	25.6393927917361	23.1119033059441	28.4432854372431
10.064	25.5697945992488	23.0466030349582	28.3692305914253
10.08	25.5003853312198	22.9814872630736	28.2953685545642
10.096	25.4311644748134	22.9165554690075	28.221698824663
10.112	25.3621315185858	22.8518071329496	28.1482209010319
10.128	25.2932859524814	22.7872417365585	28.0749342842847
10.144	25.2246272678293	22.7228587629574	28.0018384763355
10.16	25.1561549573394	22.6586576967295	27.928932980395
10.176	25.0878685150985	22.5946380239147	27.8562173009675
10.192	25.019767436567	22.5307992320048	27.7836909438475
10.208	24.9518512185745	22.4671408099396	27.7113534161159
10.224	24.8841193593166	22.403662248103	27.6392042261371
10.24	24.8165713583512	22.3403630383187	27.5672428835556
10.256	24.7492067165945	22.2772426738461	27.4954688992926
10.272	24.6820249363175	22.2143006493765	27.4238817855424
10.288	24.6150255211422	22.1515364610288	27.3524810557697
10.304	24.5482079760382	22.0889496063457	27.2812662247057
10.32	24.4815718073187	22.0265395842893	27.2102368083451
10.336	24.415116522637	21.9643058952376	27.1393923239429
10.352	24.3488416309832	21.9022480409799	27.0687322900108
10.368	24.2827466426797	21.8403655247135	26.9982562263141
10.384	24.2168310693786	21.7786578510392	26.9279636538685
10.4	24.1510944240574	21.7171245259575	26.8578540949368
10.416	24.0855362210158	21.6557650568645	26.7879270730256
10.432	24.0201559758716	21.5945789525484	26.7181821128821
10.448	23.9549532055578	21.5335657231851	26.6486187404909
10.464	23.8899274283185	21.4727248803344	26.5792364830707
10.48	23.8250781637056	21.4120559369362	26.5100348690711
10.496	23.7604049325751	21.3515584073066	26.4410134281695
10.512	23.6959072570839	21.2912318071339	26.3721716912679
10.528	23.6315846606855	21.2310756534746	26.3035091904895
10.544	23.5674366681275	21.17108946475	26.2350254591756
10.56	23.5034628054473	21.1112727607419	26.1667200318827
10.576	23.439662599969	21.0516250625889	26.0985924443791
10.592	23.3760355802996	20.9921458927826	26.0306422336415
10.608	23.3125812763258	20.9328347751638	25.9628689378525
10.624	23.2492992192106	20.8736912349184	25.8952720963968
10.64	23.1861889413893	20.8147147985742	25.8278512498586
10.656	23.1232499765667	20.7559049939964	25.760605940018
10.672	23.0604818597133	20.6972613503846	25.6935357098482
10.688	22.9978841270618	20.638783398268	25.6266401035125
10.704	22.935456316104	20.5804706695028	25.5599186663606
10.72	22.8731979655868	20.5223226972677	25.4933709449264
10.736	22.8111086155097	20.4643390160601	25.4269964869241
10.752	22.7491878071206	20.4065191616929	25.3607948412456
10.768	22.6874350829125	20.3488626712906	25.2947655579574
10.784	22.6258499866206	20.2913690832853	25.2289081882972
10.8	22.5644320632185	20.2340379374132	25.1632222846713
10.816	22.503180858915	20.1768687747111	25.0977074006513
10.832	22.4420959211507	20.1198611375125	25.032363090971
10.848	22.3811767985948	20.0630145694438	24.9671889115238
10.864	22.3204230411413	20.006328615421	24.902184419359
10.88	22.2598341999065	19.9498028216459	24.8373491726794
10.896	22.1994098272247	19.8934367356025	24.7726827308381
10.912	22.1391494766458	19.8372299060533	24.7081846543352
10.928	22.0790527029313	19.7811818830355	24.6438545048154
10.944	22.0191190620514	19.725292217858	24.5796918450644
10.96	21.9593481111818	19.6695604630972	24.5156962390065
10.976	21.8997394086999	19.6139861725937	24.4518672517012
10.992	21.8402925141821	19.5585689014486	24.3882044493405
11.008	21.7810069884004	19.5033082060201	24.3247073992457
11.024	21.7218823933189	19.44820364392	24.2613756698649
11.04	21.6629182920908	19.3932547740097	24.1982088307695
11.056	21.6041142490553	19.3384611563972	24.1352064526517
11.072	21.5454698297339	19.2838223524334	24.0723681073215
11.088	21.4869846008277	19.2293379247085	24.0096933677037
11.104	21.4286581302139	19.1750074370484	23.9471818078348
11.12	21.3704899869429	19.1208304545117	23.8848330028607
11.136	21.3124797412346	19.0668065433856	23.8226465290333
11.152	21.2546269644757	19.0129352711828	23.7606219637076
11.168	21.1969312292164	18.959216206638	23.6987588853393
11.184	21.1393921091672	18.9056489197042	23.6370568734814
11.2	21.0820091791957	18.8522329815498	23.5755155087817
11.216	21.0247820153236	18.7989679645545	23.5141343729798
11.232	20.9677101947234	18.7458534423063	23.4529130489041
11.248	20.9107932957155	18.692888989598	23.3918511204695
11.264	20.8540308977648	18.6400741824239	23.330948172674
11.28	20.7974225814779	18.587408597976	23.270203791596
11.296	20.7409679285996	18.5348918146412	23.2096175643918
11.312	20.6846665220104	18.4825234119974	23.1491890792925
11.328	20.6285179457227	18.4303029708104	23.0889179256012
11.344	20.5725217848785	18.3782300730306	23.0288036936904
11.36	20.5166776257455	18.3263043017895	22.9688459749991
11.376	20.4609850557148	18.2745252413964	22.9090443620299
11.392	20.4054436632975	18.2228924773352	22.8493984483465
11.408	20.3500530381214	18.1714055962607	22.7899078285707
11.424	20.2948127709287	18.1200641859959	22.7305720983798
11.44	20.2397224535721	18.0688678355281	22.6713908545039
11.456	20.1847816790126	18.0178161350061	22.6123636947227
11.472	20.1299900413158	17.9669086757365	22.5534902178636
11.488	20.0753471356493	17.9161450501807	22.4947700237981
11.504	20.0208525582798	17.8655248519515	22.4362027134395
11.52	19.9665059065696	17.8150476758101	22.3777878887406
11.536	19.9123067789743	17.7647131176624	22.3195251526899
11.552	19.8582547750393	17.7145207745561	22.2614141093101
11.568	19.804349495397	17.6644702446775	22.2034543636546
11.584	19.7505905417641	17.6145611273482	22.1456455218051
11.6	19.6969775169382	17.5647930230217	22.0879871908689
11.616	19.6435100247952	17.5151655332805	22.0304789789764
11.632	19.5901876702863	17.4656782608328	21.973120495278
11.648	19.5370100594351	17.4163308095092	21.915911349942
11.664	19.4839767993346	17.3671227842598	21.8588511541515
11.68	19.4310874981442	17.3180537911507	21.8019395201018
11.696	19.3783417650873	17.269123437361	21.7451760609982
11.712	19.3257392104477	17.22033133118	21.6885603910528
11.728	19.2732794455674	17.1716770820034	21.6320921254823
11.744	19.2209620828431	17.1231603003306	21.5757708805051
11.76	19.1687867357239	17.0747805977615	21.5195962733388
11.776	19.1167530187081	17.0265375869934	21.4635679221978
11.792	19.0648605473405	16.978430881818	21.4076854462903
11.808	19.0131089382093	16.9304600971179	21.351948465816
11.824	18.9614978089438	16.882624848864	21.2963566019635
11.84	18.9100267782109	16.8349247541124	21.2409094769076
11.856	18.8586954657129	16.7873594310008	21.1856067138069
11.872	18.8075034921843	16.739928498746	21.1304479368011
11.888	18.7564504793892	16.6926315776408	21.0754327710083
11.904	18.7055360501183	16.6454682890505	21.020560842523
11.92	18.6547598281863	16.5984382554105	20.965831778413
11.936	18.604121438429	16.5515411002229	20.9112452067169
11.952	18.5536205067007	16.5047764480533	20.8568007564421
11.968	18.5032566598713	16.4581439245284	20.8024980575616
11.984	18.4530295258234	16.4116431563324	20.748336741012
12	18.4029387334499	16.3652737712045	20.6943164386907
12.016	18.352983912651	16.3190353979354	20.6404367834535
12.032	18.3031646943315	16.2729276663649	20.5866974091122
12.048	18.2534807103982	16.2269502073784	20.5330979504318
12.064	18.2039315937571	16.1811026529044	20.4796380431283
12.08	18.1545169783104	16.1353846359113	20.4263173238664
12.096	18.1052364989545	16.0897957904043	20.3731354302563
12.112	18.0560897915766	16.0443357514229	20.3200920008522
12.128	18.0070764930523	15.9990041550378	20.267186675149
12.144	17.9581962412429	15.9538006383477	20.2144190935804
12.16	17.909448674993	15.908724839477	20.1617888975163
12.176	17.8608334341271	15.8637763975721	20.1092957292601
12.192	17.8123501594478	15.8189549527993	20.0569392320467
12.208	17.7639984927325	15.7742601463414	20.0047190500399
12.224	17.715778076731	15.7296916203951	19.9526348283297
12.24	17.667688555163	15.6852490181681	19.9006862129305
12.256	17.6197295727153	15.6409319838758	19.848872850778
12.272	17.5719007750391	15.5967401627394	19.7971943897274
12.288	17.5242018087475	15.5526732009819	19.7456504785505
12.304	17.4766323214129	15.5087307458264	19.6942407669338
12.32	17.4291919615644	15.4649124454924	19.6429649054757
12.336	17.3818803786852	15.4212179491934	19.5918225456844
12.352	17.3346972232098	15.3776469071341	19.5408133399754
12.368	17.2876421465217	15.3341989705072	19.489936941669
12.384	17.2407148009508	15.2908737914914	19.4391930049885
12.4	17.1939148397706	15.2476710232478	19.3885811850572
12.416	17.1472419171959	15.2045903199175	19.3381011378962
12.432	17.1006956883802	15.1616313366188	19.2877525204225
12.448	17.0542758094129	15.1187937294445	19.2375349904461
12.464	17.0079819373171	15.076077155459	19.1874482066681
12.48	16.9618137300467	15.0334812726958	19.1374918286781
12.496	16.9157708464844	14.9910057401542	19.087665516952
12.512	16.8698529464386	14.9486502177974	19.0379689328496
12.528	16.8240596906413	14.906414366549	18.9884017386127
12.544	16.7783907407453	14.8642978482909	18.938963597362
12.56	16.7328457593221	14.8223003258602	18.8896541730958
12.576	16.6874244098589	14.7804214630465	18.8404731306868
12.592	16.6421263567564	14.7386609245894	18.7914201358805
12.608	16.5969512653264	14.6970183761759	18.7424948552926
12.624	16.5518988017891	14.6554934844375	18.6936969564067
12.64	16.5069686332708	14.6140859169473	18.6450261075723
12.656	16.4621604278015	14.5727953422181	18.5964819780022
12.672	16.4174738543121	14.531621429699	18.5480642377706
12.688	16.3729085826323	14.4905638497731	18.4997725578106
12.704	16.3284642834881	14.4496222737547	18.4516066099121
12.72	16.2841406284992	14.408796373887	18.4035660667195
12.736	16.2399372901768	14.368085823339	18.3556506017296
12.752	16.1958539419211	14.3274902962034	18.307859889289
12.768	16.1518902580186	14.2870094674934	18.2601936045926
12.784	16.1080459136403	14.2466430131406	18.2126514236805
12.8	16.0643205848386	14.2063906099922	18.1652330234367
12.816	16.0207139485456	14.1662519358084	18.1179380815861
12.832	15.9772256825702	14.1262266692599	18.0707662766929
12.848	15.9338554655958	14.0863144899253	18.023717288158
12.864	15.8906029771781	14.0465150782884	17.9767907962174
12.88	15.8474678977428	14.0068281157359	17.9299864819391
12.896	15.8044499085828	13.9672532845546	17.8833040272218
12.912	15.7615486918562	13.927790267929	17.8367431147924
12.928	15.7187639305842	13.8884387499389	17.7903034282037
12.944	15.676095308648	13.8491984155563	17.7439846518326
12.96	15.6335425107872	13.8100689506437	17.6977864708777
12.976	15.5911052225969	13.7710500419509	17.6517085713569
12.992	15.5487831305261	13.7321413771128	17.6057506401061
13.008	15.5065759218744	13.693342644647	17.5599123647762
13.024	15.4644832847907	13.6546535339511	17.5141934338315
13.04	15.42250490827	13.6160737353	17.4685935365472
13.056	15.3806404821519	13.5776029398441	17.4231123630078
13.072	15.3388896971177	13.5392408396062	17.3777496041045
13.088	15.2972522446884	13.5009871274793	17.3325049515333
13.104	15.2557278172223	13.4628414972241	17.287378097793
13.12	15.214316107913	13.4248036434666	17.2423687361828
13.136	15.1730168107868	13.3868732616955	17.1974765608008
13.152	15.1318296207005	13.3490500482599	17.1527012665411
13.168	15.0907542333392	13.311333700367	17.1080425490925
13.184	15.0497903452143	13.2737239160791	17.0635001049359
13.2	15.0089376536608	13.2362203943121	17.0190736313427
13.216	14.9681958568353	13.1988228348321	16.9747628263722
13.232	14.9275646537138	13.161530938254	16.93056738887
13.248	14.8870437440895	13.1243444060381	16.8864870184656
13.264	14.8466328285703	13.0872629404884	16.8425214155709
13.28	14.8063316085771	13.05028624475	16.7986702813774
13.296	14.7661397863411	13.0134140228068	16.7549333178548
13.312	14.7260570649017	12.976645979479	16.7113102277488
13.328	14.6860831481047	12.9399818204207	16.6678007145788
13.344	14.6462177405996	12.9034212521179	16.6244044826364
13.36	14.6064605478376	12.8669639818855	16.5811212369828
13.376	14.5668112760695	12.8306097178658	16.5379506834475
13.392	14.5272696323436	12.7943581690253	16.4948925286254
13.408	14.4878353245033	12.7582090451531	16.4519464798758
13.424	14.4485080611851	12.7221620568582	16.4091122453195
13.44	14.4092875518163	12.686216915567	16.3663895338376
13.456	14.3701735066132	12.6503733335216	16.3237780550689
13.472	14.3311656365784	12.6146310237768	16.2812775194082
13.488	14.2922636534993	12.5789897001984	16.2388876380046
13.504	14.2534672699455	12.5434490774604	16.1966081227588
13.52	14.2147761992667	12.5080088710433	16.1544386863219
13.536	14.176190155591	12.472668797231	16.1123790420931
13.552	14.1377088538222	12.4374285731095	16.0704289042178
13.568	14.0993320096383	12.4022879165638	16.0285879875855
13.584	14.0610593394889	12.367246546276	15.9868560078283
13.6	14.0228905605932	12.3323041817234	15.9452326813183
13.616	13.9848253909383	12.2974605431755	15.9037177251664
13.632	13.9468635492767	12.2627153516922	15.8623108572198
13.648	13.9090047551242	12.2280683291216	15.8210117960605
13.664	13.8712487287581	12.1935191980979	15.779820261003
13.68	13.8335951912151	12.1590676820385	15.7387359720928
13.696	13.7960438642889	12.1247135051426	15.697758650104
13.712	13.7585944705287	12.0904563923885	15.6568880165381
13.728	13.7212467332366	12.0562960695317	15.6161237936212
13.744	13.6840003764658	12.0222322631024	15.5754657043031
13.76	13.6468551250188	11.9882647004034	15.5349134722547
13.776	13.6098107044448	11.9543931095083	15.4944668218662
13.792	13.5728668410383	11.9206172192586	15.4541254782456
13.808	13.5360232618365	11.8869367592621	15.4138891672166
13.824	13.4992796946178	11.8533514598908	15.3737576153166
13.84	13.4626358678993	11.819861052278	15.3337305497952
13.856	13.4260915109353	11.7864652683171	15.2938076986118
13.872	13.3896463537149	11.7531638406589	15.2539887904345
13.888	13.3533001269601	11.7199565027094	15.2142735546375
13.904	13.317052562124	11.6868429886279	15.1746617212998
13.92	13.2809033913885	11.653823033325	15.135153021203
13.936	13.2448523476626	11.6208963724601	15.0957471858298
13.952	13.2088991645803	11.5880627424394	15.0564439473619
13.968	13.1730435764988	11.555321880414	15.0172430386783
13.984	13.137285318496	11.5226735242777	14.9781441933536
14	13.1016241263693	11.4901174126647	14.9391471456559
14.016	13.0660597366331	11.4576532849477	14.9002516305453
14.032	13.0305918865171	11.4252808812358	14.8614573836718
14.048	12.9952203139644	11.3929999423725	14.8227641413738
14.064	12.9599447576291	11.3608102099332	14.784171640676
14.08	12.9247649568751	11.3287114262239	14.7456796192881
14.096	12.8896806517736	11.2967033342783	14.7072878156023
14.112	12.8546915831014	11.2647856778564	14.6689959686923
14.128	12.8197974923391	11.232958201442	14.6308038183108
14.144	12.7849981216688	11.2012206502408	14.5927111048883
14.16	12.7502932139726	11.1695727701787	14.5547175695311
14.176	12.7156825128307	11.1380143078992	14.5168229540194
14.192	12.6811657625189	11.1065450107615	14.479027000806
14.208	12.6467427080077	11.075164626839	14.4413294530138
14.224	12.6124130949596	11.0438729049167	14.403730054435
14.24	12.5781766697274	11.0126695944892	14.3662285495285
14.256	12.5440331793526	10.9815544457591	14.3288246834187
14.272	12.5099823715634	10.9505272096349	14.2915182018935
14.288	12.4760239947726	10.9195876377285	14.2543088514027
14.304	12.442157798076	10.8887354823538	14.2171963790564
14.32	12.4083835312506	10.8579704965247	14.1801805326228
14.336	12.3747009447526	10.8272924339526	14.143261060527
14.352	12.3411097897154	10.7967010490449	14.1064377118492
14.368	12.3076098179482	10.766196096903	14.0697102363228
14.384	12.2742007819337	10.73577733332	14.0330783843326
14.4	12.2408824348266	10.7054445147793	13.9965419069136
14.416	12.2076545304517	10.675197398452	13.9601005557488
14.432	12.174516823302	10.6450357421955	13.9237540831679
14.448	12.1414690685368	10.6149593045513	13.8875022421452
14.464	12.1085110219803	10.5849678447431	13.8513447862984
14.48	12.0756424401192	10.5550611226748	13.8152814698864
14.496	12.0428630801015	10.5252388989289	13.7793120478083
14.512	12.0101726997342	10.4955009347641	13.7434362756009
14.528	11.9775710574819	10.4658469921139	13.7076539094379
14.544	11.9450579124647	10.4362768335841	13.6719647061274
14.56	11.9126330244568	10.4067902224514	13.6363684231111
14.576	11.8802961538841	10.3773869226615	13.6008648184619
14.592	11.8480470618233	10.3480666988269	13.5654536508828
14.608	11.8158855099993	10.318829316225	13.5301346797049
14.624	11.7838112607839	10.2896745407966	13.4949076648858
14.64	11.751824077194	10.2606021391438	13.4597723670085
14.656	11.7199237228897	10.2316118785281	13.4247285472789
14.672	11.6881099621728	10.2027035268685	13.3897759675248
14.688	11.6563825599848	10.1738768527398	13.3549143901941
14.704	11.6247412819051	10.1451316253707	13.3201435783532
14.72	11.5931858941498	10.1164676146419	13.2854632956854
14.736	11.5617161635694	10.0878845910842	13.2508733064891
14.752	11.5303318576471	10.0593823258769	13.2163733756767
14.768	11.4990327444977	10.0309605908456	13.1819632687724
14.784	11.467818592865	10.0026191584607	13.1476427519109
14.8	11.436689172121	9.9743578018355	13.113411591836
14.816	11.4056442522633	9.94617629472427	13.0792695558985
14.832	11.3746836039141	9.91807441152055	13.0452164120552
14.848	11.3438069983182	9.89005192725529	13.0112519288669
14.864	11.3130142073414	9.86210861759509	12.9773758754969
14.88	11.2823050034687	9.83424425884035	12.9435880217098
14.896	11.2516791598026	9.80645862792353	12.9098881378693
14.912	11.2211364500617	9.77875150240735	12.8762759949373
14.928	11.1906766485788	9.75112266048297	12.8427513644716
14.944	11.1602995302992	9.7235718809683	12.8093140186253
14.96	11.1300048707792	9.69609894330612	12.7759637301442
14.976	11.0997924461842	9.66870362756242	12.7427002723662
14.992	11.0696620332874	9.64138571442455	12.7095234192191
15.008	11.0396134094677	9.61414498519955	12.6764329452194
15.024	11.0096463527087	9.5869812218123	12.6434286254706
15.04	10.9797606415962	9.55989420680388	12.6105102356618
15.056	10.9499560553173	9.53288372332974	12.577677552066
15.072	10.9202323736585	9.50594955515801	12.5449303515389
15.088	10.890589377004	9.4790914866678	12.512268411517
15.104	10.8610268463342	9.45230930284736	12.4796915100163
15.12	10.8315445632239	9.4256027892925	12.4471994256308
15.136	10.802142309841	9.39897173220478	12.4147919375309
15.152	10.7728198689446	9.37241591838982	12.3824688254621
15.168	10.7435770238834	9.3459351352556	12.3502298697432
15.184	10.7144135585945	9.31952917081077	12.3180748512649
15.2	10.6853292576012	9.29319781366293	12.2860035514885
15.216	10.6563239060119	9.26694085301694	12.2540157524444
15.232	10.6273972895181	9.24075807867325	12.2221112367302
15.248	10.5985491943934	9.21464928102621	12.1902897875098
15.264	10.5697794074913	9.18861425106239	12.1585511885114
15.28	10.5410877162439	9.16265278035888	12.1268952240266
15.296	10.5124739086604	9.13676466108168	12.0953216789084
15.312	10.4839377733253	9.11094968598398	12.0638303385699
15.328	10.4554790993973	9.08520764840454	12.0324209889832
15.344	10.427097676607	9.05953834226602	12.0010934166772
15.36	10.3987932952562	9.03394156207331	11.9698474087371
15.376	10.3705657462156	9.00841710291192	11.938682752802
15.392	10.3424148209238	8.98296476044633	11.9075992370641
15.408	10.3143403113854	8.95758433091834	11.876596650267
15.424	10.2863420101696	8.93227561114545	11.8456747817046
15.44	10.2584197104089	8.90703839851923	11.8148334212189
15.456	10.230573205797	8.88187249100369	11.7840723591995
15.472	10.2028022905878	8.85677768713369	11.7533913865815
15.488	10.1751067595938	8.8317537860133	11.7227902948444
15.504	10.1474864081844	8.8068005873142	11.6922688760107
15.52	10.1199410322842	8.78191789127407	11.6618269226441
15.536	10.0924704283722	8.75710549869501	11.6314642278487
15.552	10.0650743934796	8.73236321094192	11.6011805852671
15.568	10.0377527251887	8.70769082994094	11.5709757890792
15.584	10.0105052216311	8.68308815817783	11.5408496340008
15.6	9.98333168148643	8.65855499869641	11.5108019152822
15.616	9.95623190398088	8.634091155097	11.4808324287066
15.632	9.92920568888559	8.60969643153479	11.4509409705893
15.648	9.90225283651522	8.58537063271833	11.4211273377754
15.664	9.87537314772647	8.56111356390795	11.3913913276394
15.68	9.84856642391664	8.53692503091418	11.361732738083
15.696	9.82183246702211	8.51280484009624	11.3321513675343
15.712	9.7951710795169	8.48875279836042	11.3026470149462
15.728	9.76858206441127	8.46476871315862	11.2732194797948
15.744	9.74206522525014	8.44085239248674	11.2438685620786
15.76	9.71562036611175	8.41700364488317	11.2145940623168
15.776	9.68924729160615	8.39322227942725	11.1853957815476
15.792	9.66294580687378	8.36950810573777	11.1562735213277
15.808	9.63671571758405	8.34586093397139	11.1272270837301
15.824	9.61055682993385	8.32228057482117	11.0982562713434
15.84	9.58446895064616	8.29876683951504	11.0693608872699
15.856	9.55845188696862	8.27531953981429	11.0405407351248
15.872	9.53250544667207	8.25193848801203	11.0117956190345
15.888	9.5066294380492	8.22862349693175	10.9831253436352
15.904	9.48082366991304	8.20537437992576	10.9545297140722
15.92	9.45508795159564	8.18219095087376	10.9260085359976
15.936	9.42942209294659	8.15907302418127	10.8975616155699
15.952	9.40382590433166	8.13602041477822	10.869188759452
15.968	9.37829919663139	8.11303293811741	10.8408897748104
15.984	9.35284178123964	8.0901104101731	10.8126644693135
